9.156388044357299805e-01 9.211755990982055664e-01
7.345860451459884644e-02 1.620633602142333984e-01
2.319812923669815063e-01 2.326243072748184204e-01
8.752253651618957520e-01 3.663000166416168213e-01
1.490364819765090942e-01 5.560252070426940918e-01
2.427597045898437500e-01 3.243577778339385986e-01
2.046862393617630005e-01 9.420973062515258789e-01
8.016397356986999512e-01 1.025628745555877686e-01
8.432051539421081543e-01 8.394668698310852051e-01
2.981832027435302734e-01 6.981906294822692871e-01
9.172896742820739746e-01 9.197840690612792969e-01
7.913304120302200317e-02 1.693015098571777344e-01
2.319007664918899536e-01 2.323901504278182983e-01
8.754259347915649414e-01 3.660761117935180664e-01
1.496852487325668335e-01 5.563869476318359375e-01
2.429046034812927246e-01 3.240708112716674805e-01
2.050979584455490112e-01 9.379128813743591309e-01
8.015144467353820801e-01 1.026309505105018616e-01
8.426957130432128906e-01 8.389360308647155762e-01
2.929271757602691650e-01 6.967854499816894531e-01
5.878795385360717773e-01 1.819040030241012573e-01
2.951828539371490479e-01 4.375798106193542480e-01
9.813793301582336426e-01 9.185168743133544922e-01
9.737147688865661621e-01 9.350721240043640137e-01
8.839891552925109863e-01 9.391183853149414062e-01
4.427151009440422058e-02 8.715211749076843262e-01
9.526340290904045105e-03 4.057012796401977539e-01
6.821580976247787476e-02 7.354520559310913086e-01
2.728038728237152100e-01 6.725976467132568359e-01
1.126346215605735779e-01 4.932279698550701141e-03
4.847078025341033936e-02 7.152584791183471680e-01
6.283695697784423828e-01 6.300066113471984863e-01
6.418870687484741211e-01 4.600373208522796631e-01
9.449306726455688477e-01 3.748061954975128174e-01
5.714895725250244141e-01 8.166436553001403809e-01
3.503406941890716553e-01 2.765905112028121948e-02
8.619027137756347656e-01 9.982635378837585449e-01
4.234715402126312256e-01 3.387950733304023743e-02
3.200102448463439941e-01 3.496225774288177490e-01
7.680172324180603027e-01 8.253720998764038086e-01
1.144608948379755020e-02 1.617784351110458374e-01
9.594916701316833496e-01 1.397787779569625854e-01
5.397878885269165039e-01 2.990718558430671692e-02
1.435944717377424240e-02 6.914479136466979980e-01
8.818029761314392090e-01 1.112944483757019043e-01
2.426709681749343872e-01 2.905868291854858398e-01
3.452714979648590088e-01 6.181904077529907227e-01
4.182454049587249756e-01 7.997239232063293457e-01
4.752382636070251465e-01 8.202823400497436523e-01
2.069634385406970978e-02 7.909410595893859863e-01
7.949469089508056641e-01 3.986537456512451172e-01
7.225658297538757324e-01 3.640704452991485596e-01
7.019701004028320312e-01 8.150992393493652344e-01
1.159761250019073486e-01 3.113882839679718018e-01
7.697436809539794922e-01 9.797266721725463867e-01
8.063242435455322266e-01 9.889149665832519531e-01
7.829119563102722168e-01 6.112089157104492188e-01
6.008188128471374512e-01 8.232485055923461914e-01
7.250695228576660156e-01 3.514761030673980713e-01
4.250882267951965332e-01 4.643621742725372314e-01
6.925858557224273682e-02 8.957383632659912109e-01
2.960793673992156982e-01 4.415368735790252686e-01
1.758215278387069702e-01 1.572229117155075073e-01
1.414029151201248169e-01 6.998220682144165039e-01
3.028333485126495361e-01 5.778605341911315918e-01
7.039926052093505859e-01 3.303663432598114014e-01
6.999548077583312988e-01 8.089786767959594727e-02
3.897935450077056885e-01 1.013712659478187561e-01
4.058246612548828125e-01 6.794638037681579590e-01
2.289896011352539062e-01 6.611278653144836426e-01
8.506063222885131836e-01 7.838473320007324219e-01
3.364144861698150635e-01 4.430611133575439453e-01
1.633820086717605591e-01 4.516970366239547729e-02
1.033635064959526062e-02 2.599094510078430176e-01
6.539344191551208496e-01 5.123186707496643066e-01
6.166890263557434082e-01 5.953962206840515137e-01
1.418260037899017334e-01 9.656944274902343750e-01
2.881602942943572998e-01 4.772372543811798096e-02
9.035913348197937012e-01 2.407002598047256470e-01
8.730314970016479492e-01 9.068117141723632812e-01
9.390549063682556152e-01 4.718431532382965088e-01
2.257127463817596436e-01 6.343177556991577148e-01
7.991814613342285156e-02 3.639326095581054688e-01
3.562411367893218994e-01 9.558515548706054688e-01
4.792944192886352539e-01 3.205696344375610352e-01
1.942256987094879150e-01 6.006163358688354492e-01
5.394234657287597656e-01 6.153182387351989746e-01
9.524056315422058105e-01 8.345279097557067871e-01
9.214084744453430176e-01 2.765651643276214600e-01
3.321937024593353271e-01 5.664676427841186523e-01
6.019532084465026855e-01 9.468303918838500977e-01
9.322937726974487305e-01 2.554489672183990479e-01
1.584610641002655029e-01 5.869979038834571838e-02
4.275851249694824219e-01 9.959100931882858276e-02
9.332479536533355713e-02 9.750511646270751953e-01
4.107956886291503906e-01 2.692991793155670166e-01
3.653070628643035889e-01 5.221912264823913574e-01
4.254053533077239990e-01 3.195187821984291077e-02
3.890317082405090332e-01 5.769156813621520996e-01
4.617951512336730957e-01 1.971060335636138916e-01
2.598668634891510010e-01 3.032923638820648193e-01
4.599051084369421005e-03 2.470968663692474365e-01
4.705736339092254639e-01 4.444450736045837402e-01
1.355181783437728882e-01 1.395311206579208374e-01
5.746808648109436035e-01 9.008982777595520020e-01
6.137601733207702637e-01 1.909125596284866333e-01
7.159191370010375977e-01 8.723983764648437500e-01
4.391467869281768799e-01 9.934397339820861816e-01
3.311386406421661377e-01 9.799982309341430664e-01
4.719966053962707520e-01 1.091137155890464783e-01
7.415935993194580078e-01 7.268179655075073242e-01
8.062100410461425781e-01 3.162493705749511719e-01
8.025538325309753418e-01 9.385731220245361328e-01
4.864103198051452637e-01 5.188083648681640625e-01
4.618583917617797852e-01 8.948605060577392578e-01
5.177891254425048828e-01 2.855601012706756592e-01
1.215382665395736694e-01 5.140927433967590332e-01
4.231292009353637695e-01 9.183385968208312988e-02
2.848455905914306641e-01 7.116065025329589844e-01
8.111802339553833008e-01 4.069775044918060303e-01
7.572424411773681641e-01 3.792894259095191956e-02
1.554348468780517578e-01 1.127563267946243286e-01
5.549803748726844788e-02 3.363418206572532654e-02
2.652103304862976074e-01 7.591295242309570312e-01
9.463701844215393066e-01 1.499418467283248901e-01
1.728094071149826050e-01 5.677217245101928711e-01
9.437031745910644531e-01 3.788038790225982666e-01
6.445890069007873535e-01 4.609120637178421021e-02
4.833372533321380615e-01 3.740004003047943115e-01
1.801164597272872925e-01 1.925038844347000122e-01
3.265691995620727539e-01 4.786006808280944824e-01
8.974183797836303711e-01 2.920336425304412842e-01
9.223307967185974121e-01 9.152800589799880981e-02
6.283873915672302246e-01 8.224751949310302734e-01
4.551271796226501465e-01 2.683959007263183594e-01
3.158722221851348877e-01 4.140407964587211609e-02
6.074229627847671509e-02 8.629854917526245117e-01
1.040275543928146362e-01 7.546386122703552246e-01
4.808276891708374023e-01 9.477769136428833008e-01
4.300538897514343262e-01 7.091873288154602051e-01
7.252927869558334351e-02 3.852711319923400879e-01
6.958733201026916504e-01 9.812929630279541016e-01
7.294429540634155273e-01 1.187126338481903076e-01
6.315007805824279785e-01 7.762317657470703125e-01
5.241546034812927246e-01 5.110892653465270996e-01
9.835612028837203979e-02 2.113299518823623657e-01
7.499665021896362305e-01 5.011631250381469727e-01
4.970657229423522949e-01 1.445338279008865356e-01
9.999017119407653809e-01 6.603745371103286743e-02
1.762904822826385498e-01 8.205661177635192871e-01
9.836629033088684082e-02 7.022234797477722168e-01
6.878421902656555176e-01 2.944177947938442230e-02
3.305002748966217041e-01 6.077867150306701660e-01
6.918814778327941895e-01 2.929080724716186523e-01
3.186431527137756348e-01 1.463957279920578003e-01
7.399049997329711914e-01 2.343458682298660278e-01
1.815073639154434204e-01 6.853141784667968750e-01
7.939984202384948730e-01 3.681301772594451904e-01
4.112126231193542480e-01 3.384551107883453369e-01
5.617436170578002930e-01 9.365164637565612793e-01
7.684916257858276367e-01 6.359832882881164551e-01
8.290140032768249512e-01 7.980767488479614258e-01
1.702411025762557983e-01 1.824129521846771240e-01
7.701802849769592285e-01 2.682455778121948242e-01
6.488621830940246582e-01 8.787549138069152832e-01
7.215275764465332031e-01 9.867234230041503906e-01
3.254904448986053467e-01 7.537690997123718262e-01
6.597164273262023926e-01 4.467167556285858154e-01
1.340814381837844849e-01 2.130722403526306152e-01
8.311753869056701660e-01 9.478639811277389526e-02
9.714278578758239746e-01 6.391325592994689941e-01
1.035734862089157104e-01 3.456577062606811523e-01
8.949154615402221680e-01 9.960960745811462402e-01
4.921554327011108398e-01 7.199400067329406738e-01
9.968929886817932129e-01 8.174771815538406372e-02
9.578641057014465332e-01 6.253541707992553711e-01
6.304745674133300781e-01 7.900824397802352905e-02
8.323091268539428711e-01 8.813280463218688965e-01
7.978302836418151855e-01 6.985546350479125977e-01
2.881364226341247559e-01 5.764858052134513855e-02
3.924377858638763428e-01 4.053912758827209473e-01
7.032865285873413086e-01 8.412963896989822388e-02
9.939914345741271973e-01 9.298395514488220215e-01
5.814535915851593018e-02 5.340709090232849121e-01
5.986758470535278320e-01 4.373234808444976807e-01
7.395782470703125000e-01 9.578763246536254883e-01
8.304246664047241211e-01 2.177723646163940430e-01
3.394316136837005615e-01 2.729258835315704346e-01
2.753023803234100342e-01 8.416417241096496582e-02
5.565385222434997559e-01 7.488784790039062500e-01
6.787917613983154297e-01 2.120459526777267456e-01
4.757464304566383362e-02 7.883689999580383301e-01
6.301667094230651855e-01 5.893331170082092285e-01
3.417261242866516113e-01 7.547386288642883301e-01
6.025922298431396484e-01 3.588777408003807068e-02
8.165323734283447266e-01 2.370989471673965454e-01
3.094208985567092896e-02 8.618755340576171875e-01
5.951660871505737305e-01 1.433757394552230835e-01
6.512241065502166748e-02 9.190717935562133789e-01
7.030092179775238037e-02 5.311548113822937012e-01
3.873849809169769287e-01 6.185644865036010742e-01
1.180612444877624512e-01 9.491174221038818359e-01
2.636887133121490479e-01 3.959552347660064697e-01
5.920726656913757324e-01 3.929920494556427002e-01
1.177442260086536407e-02 3.558794856071472168e-01
2.528241574764251709e-01 3.064716458320617676e-01
9.976409077644348145e-01 9.101647883653640747e-02
5.326988697052001953e-01 7.430168390274047852e-01
6.482143402099609375e-01 3.003757596015930176e-01
1.876019686460494995e-02 8.807952515780925751e-03
6.421310305595397949e-01 8.372421562671661377e-02
9.645155817270278931e-02 5.345340967178344727e-01
7.167024612426757812e-01 6.172670125961303711e-01
1.992981731891632080e-01 7.755546569824218750e-01
3.927378654479980469e-01 9.753207564353942871e-01
2.596430247649550438e-03 1.893349587917327881e-01
9.238263368606567383e-01 1.415625959634780884e-01
8.656270503997802734e-01 4.006312489509582520e-01
3.779947459697723389e-01 7.831079959869384766e-01
7.787861824035644531e-01 8.967036753892898560e-02
