2.118291705846786499e-02 3.499517440795898438e-01
4.795258939266204834e-01 8.935510516166687012e-01
7.121114134788513184e-01 1.637820452451705933e-01
5.079206228256225586e-01 8.049034476280212402e-01
8.044971525669097900e-02 9.316716790199279785e-01
1.756817847490310669e-01 5.587720870971679688e-01
6.474793553352355957e-01 9.637686610221862793e-01
8.652244508266448975e-02 3.923314511775970459e-01
5.126669406890869141e-01 7.837718129158020020e-01
3.851358294486999512e-01 3.073025047779083252e-01
2.118291705846786499e-02 3.499517440795898438e-01
4.795258939266204834e-01 8.935510516166687012e-01
7.121114134788513184e-01 1.637820452451705933e-01
5.079206228256225586e-01 8.049034476280212402e-01
8.044971525669097900e-02 9.316716790199279785e-01
1.756817847490310669e-01 5.587720870971679688e-01
6.474793553352355957e-01 9.637686610221862793e-01
8.652244508266448975e-02 3.923314511775970459e-01
5.126669406890869141e-01 7.837718129158020020e-01
3.851358294486999512e-01 3.073025047779083252e-01
3.756060898303985596e-01 8.260954618453979492e-01
8.381330966949462891e-01 1.511504352092742920e-01
2.938235998153686523e-01 9.944159537553787231e-02
2.180220335721969604e-01 6.254482269287109375e-01
2.384986579418182373e-01 5.528644323348999023e-01
9.280154109001159668e-02 6.539265513420104980e-01
6.777694821357727051e-01 9.373112916946411133e-01
6.446716189384460449e-01 6.432206630706787109e-01
7.252308726310729980e-01 3.441775441169738770e-01
4.899555444717407227e-02 5.898793041706085205e-02
7.712036967277526855e-01 2.527347207069396973e-01
9.871356487274169922e-01 7.649613022804260254e-01
5.349835157394409180e-01 4.552744925022125244e-01
1.577234268188476562e-01 3.052653074264526367e-01
8.633921146392822266e-01 3.685200810432434082e-01
2.842245399951934814e-01 3.839222192764282227e-01
3.694941997528076172e-01 2.850685417652130127e-01
6.759703159332275391e-01 8.032395243644714355e-01
5.071122050285339355e-01 5.675033330917358398e-01
8.852077275514602661e-02 7.524237781763076782e-02
7.047980427742004395e-01 8.645134568214416504e-01
5.425249338150024414e-01 7.091008424758911133e-01
5.212489962577819824e-01 5.702371597290039062e-01
9.933879375457763672e-01 2.196797356009483337e-02
9.320932626724243164e-01 7.201946377754211426e-01
2.365247160196304321e-01 3.233250677585601807e-01
7.061110138893127441e-01 9.526341557502746582e-01
6.393712759017944336e-01 7.557232975959777832e-01
1.034645885229110718e-01 8.451426625251770020e-01
3.104779720306396484e-01 1.519873887300491333e-01
8.588746786117553711e-01 6.522992253303527832e-01
2.010591626167297363e-01 9.021005630493164062e-01
2.385476678609848022e-01 1.265852749347686768e-01
7.092151641845703125e-01 2.316381931304931641e-01
3.331820070743560791e-01 6.663246750831604004e-01
7.529954910278320312e-01 6.898509860038757324e-01
6.295844316482543945e-01 5.604264736175537109e-01
9.156729578971862793e-01 2.212786674499511719e-02
3.213939666748046875e-01 3.253031969070434570e-01
7.631542086601257324e-01 9.463980197906494141e-01
5.399225950241088867e-01 8.467580676078796387e-01
5.929479598999023438e-01 9.206031560897827148e-01
2.625752799212932587e-02 5.293788015842437744e-02
5.742040872573852539e-01 5.045804381370544434e-01
7.600189447402954102e-01 8.664039373397827148e-01
1.818100959062576294e-01 3.870236575603485107e-01
8.245556056499481201e-02 5.732124298810958862e-02
6.761252880096435547e-01 9.725961685180664062e-01
2.641968727111816406e-01 4.029769897460937500e-01
7.040438652038574219e-01 7.292296886444091797e-01
