8.638402819633483887e-01 5.134000778198242188e-01
9.439288377761840820e-01 7.454112768173217773e-01
3.395938575267791748e-01 8.124756217002868652e-01
6.746888756752014160e-01 1.345980446785688400e-02
1.797410100698471069e-01 1.016781758517026901e-02
3.274683952331542969e-01 4.417027533054351807e-01
2.131383121013641357e-01 1.767379045486450195e-01
6.966946125030517578e-01 4.664859175682067871e-01
3.334454298019409180e-01 5.535666346549987793e-01
4.868639707565307617e-01 3.158760368824005127e-01
8.638402819633483887e-01 5.134000778198242188e-01
9.439288377761840820e-01 7.454112768173217773e-01
3.395938575267791748e-01 8.124756217002868652e-01
6.746888756752014160e-01 1.345980446785688400e-02
1.797410100698471069e-01 1.016781758517026901e-02
3.274683952331542969e-01 4.417027533054351807e-01
2.131383121013641357e-01 1.767379045486450195e-01
6.966946125030517578e-01 4.664859175682067871e-01
3.334454298019409180e-01 5.535666346549987793e-01
4.868639707565307617e-01 3.158760368824005127e-01
1.231025308370590210e-01 3.155424594879150391e-01
3.067720234394073486e-01 6.248195767402648926e-01
5.781689286231994629e-01 4.275230467319488525e-01
1.222396269440650940e-01 9.996462464332580566e-01
9.771109819412231445e-01 2.996746897697448730e-01
3.143132030963897705e-01 6.180295944213867188e-01
5.139761567115783691e-01 6.077220439910888672e-01
5.477446317672729492e-01 6.524712592363357544e-02
9.457942247390747070e-01 2.430763542652130127e-01
1.327819675207138062e-01 7.247374206781387329e-02
4.468041062355041504e-01 8.627214431762695312e-01
2.345329970121383667e-01 8.240305781364440918e-01
9.889736771583557129e-01 7.734477519989013672e-01
4.265500307083129883e-01 7.697095870971679688e-01
4.936026930809020996e-01 4.718769490718841553e-01
7.201756834983825684e-01 6.160469055175781250e-01
1.528939306735992432e-01 7.538616061210632324e-01
5.242491960525512695e-01 7.392510175704956055e-01
7.870709300041198730e-01 3.719523251056671143e-01
4.183527827262878418e-01 7.564790844917297363e-01
3.232977585867047310e-03 8.164168596267700195e-01
8.081578612327575684e-01 6.424046754837036133e-01
5.806964635848999023e-01 6.868527829647064209e-02
9.701101779937744141e-01 8.211917877197265625e-01
5.402384996414184570e-01 8.611449003219604492e-01
6.538270711898803711e-01 9.419434517621994019e-02
2.467634081840515137e-01 3.324289247393608093e-02
8.058761954307556152e-01 5.146202445030212402e-01
1.824689358472824097e-01 5.664415359497070312e-01
5.896400809288024902e-01 2.683255076408386230e-01
3.838842213153839111e-01 1.694372892379760742e-01
3.347186148166656494e-01 7.363983392715454102e-01
5.326112508773803711e-01 7.953357696533203125e-01
8.085854649543762207e-01 2.418903410434722900e-01
8.689252138137817383e-01 2.654965221881866455e-01
1.578751951456069946e-01 1.338063031435012817e-01
3.136683404445648193e-01 2.346451431512832642e-01
1.404703259468078613e-01 2.177286446094512939e-01
6.647276282310485840e-01 7.093939185142517090e-01
4.884722232818603516e-01 4.305953159928321838e-03
5.108169913291931152e-01 1.970033198595046997e-01
8.756235986948013306e-02 9.236287474632263184e-01
2.782121896743774414e-01 8.924517631530761719e-01
9.135898947715759277e-01 6.212372183799743652e-01
8.057539463043212891e-01 1.904206126928329468e-01
2.279819399118423462e-01 8.236606717109680176e-01
7.335119843482971191e-01 7.354766130447387695e-01
2.401496022939682007e-01 4.745473861694335938e-01
2.284027785062789917e-01 7.361336946487426758e-01
4.746381342411041260e-01 1.555949747562408447e-01
8.159421086311340332e-01 8.450266122817993164e-01
6.939924955368041992e-01 2.594366669654846191e-01
8.162914514541625977e-01 5.513013601303100586e-01
6.364594697952270508e-01 2.727098204195499420e-02
4.798797965049743652e-01 2.461653500795364380e-01
4.579537212848663330e-01 3.348810970783233643e-02
7.111741900444030762e-01 8.366516232490539551e-01
1.607262194156646729e-01 1.211902201175689697e-01
4.088706374168395996e-01 4.681490957736968994e-01
8.226391077041625977e-01 3.185568153858184814e-01
7.750262022018432617e-01 2.773822844028472900e-01
3.781168758869171143e-01 1.495399475097656250e-01
2.321227937936782837e-01 6.942192316055297852e-01
2.625034451484680176e-01 8.219286799430847168e-01
3.431788682937622070e-01 5.764180421829223633e-01
7.486175894737243652e-01 5.024847388267517090e-01
2.407006919384002686e-01 2.426003366708755493e-01
4.961404502391815186e-01 4.836383759975433350e-01
4.497366845607757568e-01 1.348377466201782227e-01
2.091776430606842041e-01 1.265288237482309341e-02
9.278548359870910645e-01 8.172782063484191895e-01
3.037405014038085938e-01 7.758761048316955566e-01
2.742244303226470947e-01 5.689585804939270020e-01
3.197478353977203369e-01 1.571070402860641479e-01
8.662739396095275879e-01 2.382294684648513794e-01
5.342072844505310059e-01 9.164840579032897949e-01
4.226434528827667236e-01 3.718695938587188721e-01
5.847191810607910156e-01 2.181453406810760498e-01
7.863420248031616211e-01 7.185326516628265381e-02
4.507972002029418945e-01 7.068034410476684570e-01
8.888149261474609375e-01 2.014619261026382446e-01
7.878187894821166992e-01 9.982692003250122070e-01
2.068324945867061615e-02 9.354125261306762695e-01
7.055221199989318848e-01 3.698585927486419678e-01
8.498378396034240723e-01 5.411032438278198242e-01
1.727935522794723511e-01 6.180977225303649902e-01
7.818042635917663574e-01 5.021399855613708496e-01
1.726045012474060059e-01 9.454191476106643677e-02
8.846663832664489746e-01 3.105585873126983643e-01
5.310965776443481445e-01 9.027085304260253906e-01
7.862620949745178223e-01 3.850233554840087891e-01
3.409515917301177979e-01 4.455161392688751221e-01
6.164077520370483398e-01 3.006798326969146729e-01
1.958371400833129883e-01 9.170836806297302246e-01
7.765141129493713379e-01 4.209632053971290588e-02
8.939588665962219238e-01 1.805861145257949829e-01
7.745498418807983398e-01 7.554697394371032715e-01
6.825067996978759766e-01 2.593975067138671875e-01
1.810610294342041016e-01 5.790286064147949219e-01
1.581823527812957764e-01 5.611621141433715820e-01
6.641381382942199707e-01 2.860899269580841064e-01
2.775599658489227295e-01 8.226903080940246582e-01
1.846558749675750732e-01 3.355844318866729736e-01
8.517152070999145508e-01 1.090296059846878052e-01
4.521576166152954102e-01 3.679099977016448975e-01
6.480773091316223145e-01 7.359186410903930664e-01
4.645518660545349121e-01 9.738316535949707031e-01
7.427068948745727539e-01 9.751400351524353027e-01
5.766930580139160156e-01 6.504019498825073242e-01
5.049713328480720520e-02 2.485817074775695801e-01
1.567392498254776001e-01 3.251360058784484863e-01
4.895966351032257080e-01 6.105096340179443359e-01
4.435500502586364746e-01 8.171617239713668823e-02
1.497046500444412231e-01 3.912204205989837646e-01
9.550154209136962891e-01 9.941131472587585449e-01
2.948250770568847656e-01 7.527629137039184570e-01
8.726106882095336914e-01 6.989455223083496094e-01
8.120182156562805176e-01 1.579359918832778931e-01
5.418989062309265137e-01 5.873756408691406250e-01
2.141490876674652100e-01 9.926835298538208008e-01
5.968300700187683105e-01 6.197741031646728516e-01
4.687685966491699219e-01 6.133556738495826721e-02
5.629351139068603516e-01 6.209408640861511230e-01
4.283461570739746094e-01 7.134138941764831543e-01
9.813988953828811646e-02 5.021685957908630371e-01
7.003849148750305176e-01 9.805281460285186768e-02
3.927577435970306396e-01 4.076580107212066650e-01
8.552712798118591309e-01 1.461796909570693970e-01
1.622306257486343384e-01 5.004662275314331055e-02
7.138802409172058105e-01 4.747502803802490234e-01
5.251341462135314941e-01 6.436827778816223145e-01
6.904557347297668457e-01 7.802657485008239746e-01
8.441246114671230316e-03 8.125087022781372070e-01
1.517033874988555908e-01 9.199016094207763672e-01
2.083213776350021362e-01 9.076440930366516113e-01
3.488136529922485352e-01 2.828604727983474731e-02
1.939922869205474854e-01 7.355026602745056152e-01
1.533101052045822144e-01 5.725537538528442383e-01
5.330161452293395996e-01 3.432082235813140869e-01
3.792713955044746399e-02 4.705633819103240967e-01
8.717720508575439453e-01 5.490839481353759766e-01
6.044281721115112305e-01 9.162005782127380371e-01
9.179230332374572754e-01 2.442955225706100464e-01
9.850005805492401123e-02 5.165786743164062500e-01
1.558086723089218140e-01 9.531913399696350098e-01
5.771219730377197266e-01 7.548872232437133789e-01
4.421112239360809326e-01 8.631249666213989258e-01
4.101750850677490234e-01 7.668754458427429199e-01
9.049019217491149902e-01 5.296985507011413574e-01
9.479339718818664551e-01 7.230670452117919922e-01
6.438115835189819336e-01 7.342489957809448242e-01
7.744523286819458008e-01 4.171206057071685791e-01
2.457841485738754272e-02 7.022840380668640137e-01
3.955141603946685791e-01 1.806584000587463379e-01
9.033365249633789062e-01 9.901463985443115234e-01
1.337152421474456787e-01 4.747447371482849121e-01
1.659187972545623779e-01 8.599422872066497803e-02
3.325486481189727783e-01 6.899392604827880859e-01
9.140081405639648438e-01 9.873677492141723633e-01
8.328925371170043945e-01 2.382463514804840088e-01
4.734461307525634766e-01 1.091396994888782501e-02
4.405063986778259277e-01 2.553941905498504639e-01
7.326184511184692383e-01 3.778767585754394531e-02
8.102398514747619629e-01 6.253262758255004883e-01
3.031565546989440918e-01 1.717125624418258667e-02
3.950582444667816162e-02 7.654897570610046387e-01
7.774915695190429688e-01 1.974429748952388763e-02
5.634827613830566406e-01 6.503705978393554688e-01
2.444340288639068604e-01 1.794480383396148682e-01
5.911815762519836426e-01 2.193285822868347168e-01
2.634003758430480957e-01 1.640870049595832825e-02
4.448043406009674072e-01 3.440149128437042236e-01
2.443834990262985229e-01 1.542944908142089844e-01
8.253935575485229492e-01 8.317843675613403320e-01
4.778228327631950378e-02 6.023409310728311539e-03
7.707404494285583496e-01 2.408668845891952515e-01
3.228501081466674805e-01 5.457843542098999023e-01
5.302734971046447754e-01 4.628558754920959473e-01
5.479065328836441040e-02 8.641852140426635742e-01
5.155045390129089355e-01 6.781850457191467285e-01
8.551458120346069336e-01 1.529769897460937500e-01
5.164678096771240234e-01 7.496633529663085938e-01
7.083802223205566406e-01 9.432849287986755371e-01
3.738249540328979492e-01 3.584536910057067871e-01
6.273804903030395508e-01 8.095994591712951660e-01
5.349982976913452148e-01 6.871397495269775391e-01
9.402582645416259766e-01 3.335199952125549316e-01
4.152080789208412170e-02 7.680286765098571777e-01
4.972121212631464005e-03 2.581053376197814941e-01
6.618858873844146729e-02 2.905976176261901855e-01
2.165282666683197021e-01 3.100960254669189453e-01
1.247192099690437317e-01 7.259282469749450684e-02
7.552902698516845703e-01 7.214463353157043457e-01
4.089176654815673828e-02 9.748980998992919922e-01
8.208632469177246094e-02 8.603739738464355469e-01
1.117943748831748962e-01 5.138618946075439453e-01
5.757116079330444336e-01 6.986038088798522949e-01
3.401274085044860840e-01 9.083471894264221191e-01
9.696537256240844727e-01 9.144088029861450195e-01
5.104771852493286133e-01 8.250448107719421387e-01
8.665723204612731934e-01 3.512705564498901367e-01
4.195413589477539062e-01 7.757843136787414551e-01
6.054866909980773926e-01 2.118004709482192993e-01
7.403597235679626465e-01 6.319030523300170898e-01
1.689735352993011475e-01 7.946745753288269043e-01
1.216095611453056335e-01 8.109323978424072266e-01
4.578622877597808838e-01 8.625683784484863281e-01
6.432134509086608887e-01 5.480332374572753906e-01
7.472886443138122559e-01 9.062854945659637451e-02
6.688945889472961426e-01 2.541351318359375000e-01
4.653028026223182678e-02 7.021596431732177734e-01
8.479689955711364746e-01 3.524843454360961914e-01
4.811290502548217773e-01 9.394881725311279297e-01
7.412682473659515381e-02 7.263153195381164551e-01
5.153801441192626953e-01 7.108123898506164551e-01
8.786902427673339844e-01 2.723054587841033936e-01
7.591068744659423828e-01 2.100085020065307617e-01
7.324835658073425293e-01 8.019531369209289551e-01
2.517743222415447235e-02 1.289544254541397095e-01
5.764315649867057800e-02 6.688568592071533203e-01
6.006542444229125977e-01 5.234123468399047852e-01
1.110636442899703979e-02 4.214074015617370605e-01
1.527341604232788086e-01 2.735245227813720703e-02
3.796159923076629639e-01 6.933611035346984863e-01
5.001155138015747070e-01 1.268676966428756714e-01
5.457271337509155273e-01 8.079562783241271973e-01
2.778966724872589111e-01 8.019916415214538574e-01
1.812499016523361206e-01 9.807143807411193848e-01
9.024088382720947266e-01 5.996125340461730957e-01
8.408061265945434570e-01 9.631630778312683105e-01
6.869199126958847046e-02 9.302992224693298340e-01
9.440700411796569824e-01 8.799082636833190918e-01
7.372990846633911133e-01 2.884836494922637939e-01
9.334152340888977051e-01 6.276365518569946289e-01
9.359061121940612793e-01 5.775709748268127441e-01
3.424648642539978027e-01 5.075017809867858887e-01
4.604879319667816162e-01 2.683584094047546387e-01
9.500326514244079590e-01 6.274986863136291504e-01
9.204085469245910645e-01 5.425331592559814453e-01
4.376609921455383301e-01 9.611372947692871094e-01
9.005665779113769531e-01 3.513916730880737305e-01
8.179294317960739136e-02 8.927376866340637207e-01
3.901925086975097656e-01 1.221435964107513428e-01
8.741779327392578125e-01 9.218615889549255371e-01
6.387240886688232422e-01 1.230181381106376648e-02
5.915569663047790527e-01 4.439351558685302734e-01
5.647327303886413574e-01 5.074580907821655273e-01
1.484978348016738892e-01 9.434096217155456543e-01
3.268862068653106689e-01 2.936913073062896729e-01
3.980971872806549072e-01 9.468587636947631836e-01
2.027931958436965942e-01 5.904043316841125488e-01
2.823150753974914551e-01 9.993514418601989746e-01
9.119834899902343750e-01 7.082858085632324219e-01
2.285028845071792603e-01 3.243827819824218750e-01
6.039163470268249512e-01 6.522381901741027832e-01
1.158924922347068787e-01 1.073287352919578552e-01
8.276438713073730469e-01 1.053577661514282227e-01
6.008570194244384766e-01 2.366774827241897583e-01
5.525832772254943848e-01 9.541749954223632812e-01
3.219095617532730103e-02 8.754047751426696777e-01
6.851413249969482422e-01 7.196344733238220215e-01
1.207977980375289917e-01 6.472974270582199097e-02
1.849351972341537476e-01 7.758804559707641602e-01
1.439911425113677979e-01 7.220144271850585938e-01
6.137410998344421387e-01 3.404812216758728027e-01
9.069380164146423340e-01 5.400996208190917969e-01
9.535642862319946289e-01 2.711684703826904297e-01
9.980192780494689941e-01 2.639141380786895752e-01
2.261804193258285522e-01 4.716431796550750732e-01
8.882275223731994629e-01 4.958893656730651855e-01
8.901956081390380859e-01 7.761385291814804077e-02
7.002208232879638672e-01 7.747275233268737793e-01
7.926833629608154297e-01 9.175362586975097656e-01
1.069418787956237793e-01 9.626004099845886230e-01
8.558899164199829102e-01 2.142191119492053986e-02
9.343376755714416504e-01 8.035854101181030273e-01
2.172107845544815063e-01 1.226534247398376465e-01
7.990382313728332520e-01 6.715579032897949219e-01
6.065851449966430664e-01 9.064233303070068359e-01
7.592275142669677734e-01 2.513543665409088135e-01
