4.015394747257232666e-01 3.513943552970886230e-01
8.721725344657897949e-01 6.191243529319763184e-01
7.497584819793701172e-01 2.072591632604598999e-01
5.599280595779418945e-01 9.816159009933471680e-01
6.593395471572875977e-01 4.589955806732177734e-01
8.219061493873596191e-01 5.441030114889144897e-02
8.943561315536499023e-01 7.214639186859130859e-01
5.018448233604431152e-01 8.684239536523818970e-02
8.723326325416564941e-01 9.437914490699768066e-01
7.822475433349609375e-01 7.239903211593627930e-01
3.984966874122619629e-01 3.443389236927032471e-01
8.768844604492187500e-01 6.173609495162963867e-01
7.491003274917602539e-01 2.087074667215347290e-01
5.606471300125122070e-01 9.874262809753417969e-01
6.751868724822998047e-01 4.435084760189056396e-01
8.233544826507568359e-01 5.542392283678054810e-02
8.994333744049072266e-01 7.212873101234436035e-01
5.018121600151062012e-01 8.919065445661544800e-02
8.709996342658996582e-01 9.401065111160278320e-01
7.955359816551208496e-01 7.243978977203369141e-01
3.150483965873718262e-01 9.353381395339965820e-01
9.869809150695800781e-01 6.837063431739807129e-01
8.980946540832519531e-01 7.234429121017456055e-01
5.197451710700988770e-01 4.259468317031860352e-01
2.811064124107360840e-01 3.616383671760559082e-01
7.761786580085754395e-01 6.642786264419555664e-01
7.638429999351501465e-01 3.715654313564300537e-01
2.163039147853851318e-01 1.944045722484588623e-01
4.874081313610076904e-01 8.788997530937194824e-01
5.812914371490478516e-01 9.534922242164611816e-02
