6.958457231521606445e-01 1.906273812055587769e-01
4.050647020339965820e-01 3.661832809448242188e-01
6.416320800781250000e-01 6.629363298416137695e-01
5.569846034049987793e-01 3.602107465267181396e-01
8.084067106246948242e-01 6.717692017555236816e-01
1.354868561029434204e-01 9.083454608917236328e-01
3.899231851100921631e-01 4.108995795249938965e-01
4.738629758358001709e-01 4.304263591766357422e-01
8.848522901535034180e-01 2.109932154417037964e-01
8.357729315757751465e-01 7.530389428138732910e-01
6.980248689651489258e-01 1.916511654853820801e-01
3.934347927570343018e-01 3.312323391437530518e-01
7.318013310432434082e-01 5.735448002815246582e-01
5.612051486968994141e-01 3.094046413898468018e-01
9.087801575660705566e-01 6.436271667480468750e-01
1.373694092035293579e-01 9.012446403503417969e-01
3.681383430957794189e-01 3.644091486930847168e-01
4.560469090938568115e-01 3.589991033077239990e-01
8.833519220352172852e-01 2.102941423654556274e-01
9.654780626296997070e-01 7.510849833488464355e-01
6.411746144294738770e-01 4.419669508934020996e-01
7.374108433723449707e-01 1.363364756107330322e-01
5.915749073028564453e-01 9.089196324348449707e-01
6.355196237564086914e-01 9.591838121414184570e-01
1.094546541571617126e-01 1.790271550416946411e-01
2.432364523410797119e-01 1.105468943715095520e-01
6.092265248298645020e-01 1.985297799110412598e-01
8.675525188446044922e-01 6.087798476219177246e-01
4.325459003448486328e-01 5.813341736793518066e-01
7.490746974945068359e-01 2.048427909612655640e-01
5.882433652877807617e-01 4.104217588901519775e-01
6.812271475791931152e-01 4.086961969733238220e-02
3.735441267490386963e-01 7.372666597366333008e-01
2.386699467897415161e-01 3.856464326381683350e-01
5.195091962814331055e-01 3.771572113037109375e-01
4.074651598930358887e-01 5.089250802993774414e-01
2.256630212068557739e-01 3.007378987967967987e-02
1.785433441400527954e-01 9.073213338851928711e-01
7.378315925598144531e-01 2.203935198485851288e-02
9.983792155981063843e-02 3.589755296707153320e-01
1.837322711944580078e-01 3.488673567771911621e-01
1.328030526638031006e-01 4.183751642704010010e-01
9.091484546661376953e-01 2.661528289318084717e-01
7.666851282119750977e-01 5.846555903553962708e-02
1.454317420721054077e-01 6.071978807449340820e-01
7.082423567771911621e-01 2.276625037193298340e-01
3.413895964622497559e-01 9.785599112510681152e-01
6.320822834968566895e-01 1.665420234203338623e-01
8.467206954956054688e-01 7.229235768318176270e-02
7.673491835594177246e-01 5.876427888870239258e-01
1.291035115718841553e-01 6.660706549882888794e-02
9.226540327072143555e-01 3.237443864345550537e-01
4.919951856136322021e-01 2.471279203891754150e-01
5.935281515121459961e-01 4.175248146057128906e-01
5.657686591148376465e-01 6.758857369422912598e-01
9.640555381774902344e-01 7.413356304168701172e-01
4.702153503894805908e-01 8.964401483535766602e-01
7.879402041435241699e-01 9.419600963592529297e-01
4.406248629093170166e-01 5.745047330856323242e-01
3.576611280441284180e-01 3.669044971466064453e-01
5.241778492927551270e-01 4.988736808300018311e-01
2.665743827819824219e-01 8.546866774559020996e-01
6.775780916213989258e-01 6.665660738945007324e-01
6.295059919357299805e-01 9.491136670112609863e-01
6.365220546722412109e-01 6.864085793495178223e-01
6.924141645431518555e-01 2.094017714262008667e-01
2.494270503520965576e-01 8.906748294830322266e-01
4.302050471305847168e-01 6.348795294761657715e-01
8.431500196456909180e-01 4.903603792190551758e-01
9.292421340942382812e-01 6.115562841296195984e-02
1.504548825323581696e-02 7.455452084541320801e-01
8.100270628929138184e-01 1.540291160345077515e-01
6.916032433509826660e-01 4.865564778447151184e-02
6.276389360427856445e-01 3.667286336421966553e-01
3.606441318988800049e-01 2.860078588128089905e-02
6.530377864837646484e-01 3.029613792896270752e-01
6.560166180133819580e-02 7.615549564361572266e-01
4.817815124988555908e-01 5.560654401779174805e-01
6.441925764083862305e-01 1.212483737617731094e-02
6.578341126441955566e-02 7.623314857482910156e-01
8.194757103919982910e-01 9.898669123649597168e-01
4.254727363586425781e-01 1.214697360992431641e-01
6.315371394157409668e-02 6.834160685539245605e-01
1.270427554845809937e-01 4.498486816883087158e-01
3.199251741170883179e-02 6.644132733345031738e-01
9.237973093986511230e-01 2.240593880414962769e-01
5.284706354141235352e-01 6.973925232887268066e-01
8.324990272521972656e-01 4.122278988361358643e-01
1.340425163507461548e-01 4.323193430900573730e-01
9.796181917190551758e-01 8.343975543975830078e-01
7.185163497924804688e-01 9.656739234924316406e-01
6.511740088462829590e-01 5.053134560585021973e-01
8.815284371376037598e-01 6.089611724019050598e-02
3.992048501968383789e-01 9.688205718994140625e-01
2.776923216879367828e-02 4.427356123924255371e-01
7.492326945066452026e-02 4.707497060298919678e-01
8.719669580459594727e-01 8.141661286354064941e-01
1.404769867658615112e-01 4.677530825138092041e-01
3.119492828845977783e-01 8.085708618164062500e-01
6.129151582717895508e-01 7.449901103973388672e-01
5.414826869964599609e-01 3.310323655605316162e-01
8.325113058090209961e-01 7.063791751861572266e-01
1.038259938359260559e-01 9.618871808052062988e-01
3.038830161094665527e-01 5.056491494178771973e-01
5.087475776672363281e-01 5.858868956565856934e-01
8.048107624053955078e-01 8.423448801040649414e-01
4.544802010059356689e-01 6.820968389511108398e-01
2.059857249259948730e-01 1.403876543045043945e-01
1.796131730079650879e-01 1.888264864683151245e-01
5.321740508079528809e-01 2.092594057321548462e-01
