5.000000000000000000e-01 6.999999880790710449e-01
1.967452466487884521e-01 9.892983734607696533e-02
1.972990781068801880e-01 1.002015769481658936e-01
2.040808200836181641e-01 9.915947914123535156e-02
2.029396742582321167e-01 9.938668459653854370e-02
2.051697075366973877e-01 9.885889291763305664e-02
2.051766365766525269e-01 9.891347587108612061e-02
2.026896774768829346e-01 9.944104403257369995e-02
2.026892900466918945e-01 9.945280104875564575e-02
2.018695920705795288e-01 9.977833181619644165e-02
2.022311687469482422e-01 9.940763562917709351e-02
2.017465382814407349e-01 9.978053718805313110e-02
2.017455399036407471e-01 9.971091151237487793e-02
2.016673982143402100e-01 9.967003762722015381e-02
2.016673982143402100e-01 9.967003762722015381e-02
2.010775804519653320e-01 9.995223581790924072e-02
2.012655586004257202e-01 1.002063453197479248e-01
2.011098116636276245e-01 9.985835105180740356e-02
2.011094242334365845e-01 9.985876828432083130e-02
2.011807113885879517e-01 1.000197008252143860e-01
2.010733336210250854e-01 9.990126639604568481e-02
2.003392130136489868e-01 9.996636956930160522e-02
