5.000000000000000000e-01 6.999999880790710449e-01
-2.247017621994018555e-02 2.203920632600784302e-01
-2.138896659016609192e-02 2.165130376815795898e-01
-1.783399656414985657e-02 2.110068053007125854e-01
-1.773656159639358521e-02 2.111130952835083008e-01
-1.500983163714408875e-02 2.140564322471618652e-01
-1.498766336590051651e-02 2.140575498342514038e-01
-1.497736014425754547e-02 2.140630185604095459e-01
1.018569692969322205e-01 1.537535488605499268e-01
1.018681675195693970e-01 1.537677943706512451e-01
1.018681749701499939e-01 1.537677943706512451e-01
