2.238429635763168335e-01 8.944319188594818115e-02
2.238429635763168335e-01 8.944319188594818115e-02
2.242661565542221069e-01 9.053172171115875244e-02
2.242391556501388550e-01 9.045410901308059692e-02
2.240280658006668091e-01 8.988059312105178833e-02
2.240220606327056885e-01 8.986786007881164551e-02
2.240220606327056885e-01 8.986786007881164551e-02
2.240220606327056885e-01 8.986786007881164551e-02
2.243594974279403687e-01 9.094236791133880615e-02
2.236764878034591675e-01 8.919093757867813110e-02
2.236787378787994385e-01 8.919738233089447021e-02
2.240293323993682861e-01 9.021590650081634521e-02
2.236737012863159180e-01 8.927543461322784424e-02
2.236921638250350952e-01 8.932720124721527100e-02
2.238076478242874146e-01 8.965365588665008545e-02
2.238174080848693848e-01 8.968432247638702393e-02
2.238323539495468140e-01 8.972653001546859741e-02
2.238323539495468140e-01 8.972653001546859741e-02
2.238323539495468140e-01 8.972653001546859741e-02
2.244594395160675049e-01 9.147857129573822021e-02
2.244594395160675049e-01 9.147857129573822021e-02
2.239039689302444458e-01 8.992271125316619873e-02
2.239110171794891357e-01 8.994260430335998535e-02
2.243067771196365356e-01 9.116023778915405273e-02
2.242937982082366943e-01 9.111980348825454712e-02
2.222896963357925415e-01 8.660964667797088623e-02
2.224789857864379883e-01 8.711548894643783569e-02
2.224794775247573853e-01 8.711685240268707275e-02
2.239388227462768555e-01 9.152225404977798462e-02
2.239388376474380493e-01 9.152233600616455078e-02
