-3.618104301959843005e-03
-5.545054757363106906e-02
-2.063249530890819416e-01
5.915731952207226030e-02
4.383438874251488482e-02
-4.833566450493985076e-03
1.048214546226230726e-01
-1.291861974477739872e-01
-3.062373425721594544e-01
3.767114222813457147e-02
-2.184326582250685767e-01
-9.049124148102919221e-03
-2.210675901700767110e-01
2.154631988591620972e-02
-4.104364887457263578e-01
8.624022612912918620e-03
-4.301222320380222452e-01
-1.198407264695598197e-02
-4.239660620569472571e-01
2.280613463403354663e-03
3.415689147530558967e-01
-2.554016950406518549e-01
-4.475851996368661045e-01
-1.025710662167898975e-02
4.423290736580572369e-01
1.188642569443030678e-01
3.940429574156302239e-01
-1.082161645823655552e-02
-2.106452937379221790e-01
-1.684666054004992433e-02
2.546098750570096603e-01
-2.462705659513344247e-01
3.322798624263050837e-01
-1.110188120649206744e-01
1.538756711319723761e-02
-4.885021192034774695e-02
-4.088243120151775489e-01
-9.482681627929690632e-03
4.661130342713581953e-02
5.221799672568184364e-03
-2.666912496663462195e-02
1.375039455554490260e-02
5.113629370792898143e-01
-3.476142271893430946e-01
3.168307968936435737e-01
-1.485088564301955960e-01
-1.447449242869403019e-01
-2.867837121908671169e-02
5.541486776268347292e-01
-4.019149871053447898e-01
-7.233606499492313269e-01
8.810289462153344520e-01
-3.244437388998116512e-01
1.082562539186890556e-02
6.547337289939441085e-01
-4.405909575401719680e-01
-5.491456975668204121e-01
5.104962525744923818e-01
-2.907145679304615205e-01
2.952272773695838182e-02
2.794764406360440018e-02
9.012431549902517186e-03
-6.183492233181274722e-01
3.408065133119063117e-01
-1.735053892446286883e-01
4.167598722008815371e-02
-2.284964196485975707e-01
-1.972329625626081592e-02
-1.102274337087210537e-01
-1.971802163038397990e-02
-9.071502780658996512e-02
-1.794627512665240496e-02
-6.475776342907613170e-02
1.567717158536542990e-03
-4.720680553385079303e-01
2.001895408606738092e-02
-2.894560622864935095e-01
1.435680591904982609e-02
-2.793706000963750435e-01
9.395623838927524840e-02
-1.296452890803709568e-01
1.959814569918406565e-02
-5.086729630595702156e-01
1.359586359350334894e-01
-5.864685924237916792e-01
6.169198988989925692e-01
-1.670555863046420120e-01
6.906331634470956604e-02
-5.665871061711310608e-01
5.931420066967819649e-01
-4.568662666247229609e-01
2.962275898528564030e-02
-4.480171282572770752e-01
1.051399848815891408e-01
-3.800472251110821875e-01
3.453580889860171158e-03
7.659519448563373301e-02
-4.604932114008724459e-02
-2.003496834506716395e-01
8.854014686593986855e-03
-2.600717718070029716e-01
8.107053690072932306e-03
2.929658123679563242e-01
-1.675096922824122203e-01
-3.096321366491891491e-01
6.595629753872293138e-03
4.567801484254401800e-01
-3.688004695325235449e-01
4.129655782053940349e-01
-3.001286440168534839e-02
3.813215294387369836e-01
-1.929135839623035975e-01
4.678626385407286814e-01
-2.757744415465839816e-01
2.048172174434557957e-01
-1.571586893895459691e-01
-2.232824783834383153e-01
2.622155062772357215e-01
-1.405539265356368361e-01
1.591670210866758667e-02
4.468025960943787789e-01
-3.110801283540146622e-01
3.891075322799639191e-01
-8.403547553216332913e-03
-6.924916037756535525e-01
6.460715570224857540e-01
2.485587870602493921e-01
-2.443292162246162025e-01
-1.570099075848104264e-01
1.962387276252688245e-02
1.806509567136146133e-01
-1.420769130648526501e-01
4.279037113106881063e-01
6.196843382412229109e-03
-3.749181119167078746e-01
-9.845846690925762895e-03
6.660562898669585008e-02
-6.146277502050122993e-02
3.699651969363295517e-02
2.966818669520943641e-01
3.931104279421174241e-01
-2.812253961977758884e-02
3.936421885839263557e-01
4.434543719441749743e-02
3.828350265487359128e-01
2.110064966023705302e-01
8.593852660115849917e-02
2.413063741118856298e-01
6.374119951967076314e-02
7.241154973404917428e-02
-4.047041978064336298e-01
2.648909083084973262e-02
-3.208909474477388279e-01
1.329421524833656609e-01
1.856983686657787957e-01
4.548298964196768879e-02
-3.927546398754859780e-01
-5.213013813007893321e-02
3.979382610981224699e-01
-9.713392447717694028e-03
-7.590636569542788537e-02
1.615511469216195095e-01
-5.670592864331949201e-01
1.174854467512968653e-01
-4.464971289879942629e-01
1.367104597823673093e-02
-3.696114319023381389e-01
1.177800327144861922e-02
-5.044068827490950646e-01
4.083875489592522778e-01
-1.463186502052742956e-02
-1.033470618678651934e-02
4.263259712619638653e-01
5.624977682242339461e-02
1.956578589266382284e-01
-3.314127422661496125e-03
-1.630020024593182848e-01
2.905095548218392890e-03
-8.317790918071052420e-02
-4.485587178877999820e-02
3.893223812114248727e-01
-2.573284889812925760e-02
-1.306267757582555700e-01
1.977924896448524442e-02
-1.519892278863840818e-01
4.781867646846358136e-03
-7.181199347606655181e-02
7.071735524389123617e-02
-6.352074906790579345e-02
1.701921688806610489e-01
-2.095658670194057993e-01
4.336246061270920826e-03
-6.351503602352623901e-01
6.004606146957891522e-01
8.785101247102479194e-01
-3.117266842409406324e-01
3.962992705392827664e-01
3.232638219777571320e-02
-4.616491859787867358e-01
8.214435072026335383e-02
7.716857622728110488e-01
-5.130735940187785005e-01
3.444720342125432988e-01
-2.342285375184365720e-02
5.051209023084002325e-01
3.597533377987083281e-02
3.443302975571670079e-04
2.172880616090907269e-01
6.736998802417655252e-01
-1.844397873824934198e-01
3.395146892790973370e-01
-9.454841995624808579e-03
3.700828009802130669e-01
-9.110560074757817484e-02
-7.267136601584229805e-01
8.809470173984420560e-01
-1.567202263531019268e-01
1.240496819815325169e-01
-8.957317686794666334e-02
2.751207772675443031e-02
-4.190244925757145855e-02
-3.634114687792694420e-02
-3.731761115916479854e-01
2.091721744434594382e-02
-1.893465372296735116e-01
-8.646421080272538237e-03
9.116219323757379644e-01
-5.265586548850232917e-01
-5.034063128580322510e-02
5.929922030430421001e-03
1.788778836550796447e-01
-1.999744041096190306e-01
5.568074501553967048e-02
-7.705687947193982923e-02
4.454010063720447166e-01
-1.195854772273371724e-01
8.385404379656622442e-01
-4.736623301548834597e-01
-6.713368591062527369e-01
7.151087526048804932e-01
2.486560345750920553e-01
-1.485293032601912588e-01
4.142919253178030115e-01
1.197593200285929083e-02
-5.787521256165752970e-01
4.414853322030032889e-01
-7.995150239322987296e-02
-5.006275496574978104e-04
6.849489111018230991e-02
-2.652340298372890190e-02
-1.998939092501545722e-01
-2.382176494690409208e-02
6.298680162170411378e-02
-1.382936922240445288e-01
-4.640995003050414902e-01
3.357301256578981707e-01
4.327553870575760742e-02
5.392662074289230473e-03
-3.400791880765273167e-01
-1.660601395036404027e-04
-5.401383193788386050e-01
1.577607737189745118e-01
-3.910296984985568436e-01
8.218731947695923079e-02
3.100477604260465023e-02
-3.432867398276249343e-02
-2.630644688051193558e-01
-1.314378509072300534e-03
3.345430368854713232e-01
-4.366922669495656995e-02
-8.317619936060591246e-02
-2.018404370697574751e-02
-6.417988969113852873e-03
-2.613843992676054273e-02
-2.199077843669737797e-01
-1.893691360771454502e-02
8.465082262007214697e-02
2.933721867660394333e-01
2.885676785599668448e-01
2.392809443073147524e-02
-1.339985971101645135e-01
-1.708828029914300287e-02
1.550165143736829260e-02
9.482595196021976341e-03
3.240842721220729139e-01
3.638817284546188580e-01
2.237978301595070496e-01
-3.085108260926805457e-01
-1.651915764237137096e-01
-1.763915323230439564e-02
1.518955162903344314e-01
-1.468642433998449959e-01
-1.354105108920498624e-01
-1.263580471559616440e-02
-1.583129213078099951e-01
-2.765523748351590011e-02
-5.900505692374065358e-02
1.736931244072400030e-03
5.075236273096564998e-01
-2.754136118141805034e-01
-4.656054575712943733e-02
-9.643968136502204663e-03
3.465024028422716840e-01
-3.030248769248595209e-01
-6.991183155955586759e-02
-3.821341560863488612e-02
-3.927954854613153191e-01
2.986969717599236573e-01
3.785833908386974644e-01
3.048357661008495659e-02
-4.529603729709738569e-01
1.033103357349138968e-01
1.345726734566234095e-01
-9.966904310652124899e-02
-4.110252884359680281e-01
1.270131213205378251e-01
3.676816634001244810e-01
-5.067376444131187294e-04
-2.741953796479945082e-01
5.448372096965513334e-02
-5.522337894592753704e-01
1.648655486872941112e-01
-3.629548840433443058e-01
3.217483020946956818e-01
-5.579091953425511230e-01
1.961401802596292043e-01
-5.630759077933988888e-01
3.818503718781456335e-01
-5.039500980133300168e-01
9.938193649059307022e-02
-1.665926302302779549e-02
-5.440446549979199159e-03
3.657899385290027672e-01
-2.851886569246721570e-01
-3.453136619910049943e-01
1.537090266943462458e-01
4.192238839556572394e-01
-3.244856168902863214e-01
-4.605695936472102847e-01
1.843193091808754611e-02
4.203482116531562229e-02
5.396652909751069316e-02
-2.523462027772831462e-01
-1.385558495939411168e-02
4.789838452946365566e-02
-4.151247505170290591e-02
-1.965850660411290196e-01
4.892802474772683929e-02
2.699754156405352323e-01
-2.164323823332759689e-01
-2.890170915937687046e-01
3.060044019303294338e-02
-4.014338115458109257e-01
6.076458216968061432e-02
-1.164139533660943776e-01
1.912858609789341510e-02
1.785722258302950283e-01
-1.702335084891832065e-02
-2.843419547999195829e-01
4.864871969252024253e-02
-1.315653947552831993e-01
3.348440927756143881e-02
-3.918992021750881682e-01
1.976011720956681317e-01
-3.601189633230025833e-01
3.680222673377103564e-03
-6.578191246780054069e-01
8.134068605046428369e-01
-5.448859138319958051e-01
1.130635372263027183e-01
-1.306674169805786545e-01
1.870605965362308679e-02
3.699763502062677345e-01
-4.550266191578758793e-03
-4.364674779726716025e-01
1.017065432453252150e-01
-7.019597435317336265e-01
8.675640552857187826e-01
2.635021883140779009e-01
5.227610680107754731e-02
4.511885554869286552e-01
4.686976260702712532e-02
3.975453449330236810e-01
2.388251485225960369e-02
6.250591276463153267e-01
-1.673665330760079617e-01
1.924900157095431330e-01
-4.116871670453556287e-02
4.332386882035593745e-01
4.230168868101563152e-03
3.409487398112079903e-01
-2.918439650030203378e-03
2.499442634978701616e-01
-1.883860797779918217e-01
-2.210687330442410725e-01
2.491412321974354471e-01
-4.041833749939320874e-01
1.562872868033016172e-02
3.589683335010033782e-01
-1.835914742261310073e-01
-4.006661829552530807e-01
-2.756826497746144716e-02
-2.169243344402443652e-01
4.336438546424742357e-01
1.030105560789023322e-01
1.180114717765241988e-01
-3.621939223590642798e-01
4.583864795150716966e-03
8.436954770697618899e-02
8.428577280779334102e-02
-2.560161250465203819e-01
2.960848032088984200e-02
-4.163317549259272776e-01
-2.796685893761192976e-02
2.380638176115492666e-01
2.065787241173652200e-01
-4.021586248165341937e-01
-3.558146290796688257e-03
-2.259035885655434062e-01
1.387551654529051992e-01
-4.388105380016151802e-01
-1.155484347060168823e-02
2.733569381250747221e-01
-1.530593688774957439e-01
-4.179817494792720245e-01
1.017045448934846344e-02
-5.076601913118830023e-01
1.252548223045520381e-01
9.828646296994039688e-02
-1.315808027497685807e-02
-1.429123200516753678e-01
1.968469655201200985e-01
-1.235563824602411154e-01
2.573636602000077267e-01
-1.183277921989395326e-01
2.963764058320011302e-02
-3.525295019032123056e-01
3.912473969437583743e-01
1.192751416601029180e-01
-4.688598603878284601e-03
1.703974677847621549e-02
-4.759637789963983706e-03
-6.738427588637296850e-01
2.813475408282923307e-01
1.297619275718038812e-01
3.587901384566994506e-02
8.197683348743992071e-02
2.758367790960454535e-02
-4.559049299447853754e-01
6.433869603579234209e-02
4.806757397730114789e-01
-6.742335145924154283e-01
-4.196161278693027463e-01
3.164968932968026949e-01
7.851488402047173132e-01
-2.816188683586351993e-01
-4.742487208584611480e-01
1.529598078509148418e-01
4.154918481100848826e-01
-6.167516437969973175e-01
2.285296843830791902e-01
1.778375984394047621e-03
2.000299924002948981e-01
-1.324787925032538428e-03
2.187739184751302801e-01
-2.592986491383478254e-01
5.413971448048945367e-01
-4.934608749320699150e-01
8.011038886163727168e-01
-4.928123393256176321e-01
3.658965681140596837e-01
6.088060924338339550e-03
2.823071751204287438e-01
-1.678797667309026020e-01
3.464818520659803114e-01
2.667007487553956988e-02
-5.981280484002086117e-01
2.736329909889493872e-01
1.067213489506970425e-01
3.596522747814696608e-01
3.763231147735170978e-01
-1.030607929529184924e-02
3.733770448640039707e-01
1.836762383919902930e-02
-2.351743830492800114e-01
3.751433435603661326e-02
4.155793079691849634e-01
-2.331456684850831684e-01
3.375144083786397742e-01
-3.995536873752589258e-02
4.124318408883627662e-01
1.707700066853536439e-02
3.458596953827876019e-01
1.495935315525023269e-02
2.535392306363841164e-01
-4.176238177017688180e-02
-2.180210852996728593e-02
2.924227866333639625e-02
-1.618042398025310302e-01
-9.751451699802691012e-03
-4.707586693953859647e-01
1.216812637327667479e-01
-8.214361106146003677e-02
2.986919113784854835e-02
-1.469588877081947631e-01
1.063374005472422605e-02
-4.185878315836406016e-01
3.348202126875943901e-02
6.370766834322125205e-02
-4.876774084441310234e-03
8.013685450740746230e-01
-4.836496992146611107e-01
4.873310567330917109e-02
-8.340440805258902968e-02
-8.650273209426156962e-02
-1.531940457318672726e-02
-6.522911484954738714e-01
2.077765362507256741e-01
-3.535161848928298212e-01
-9.982845530553719621e-03
-2.584596738183841946e-01
1.791641563660656411e-02
3.907287138629031431e-02
-2.169337500883472547e-02
4.590313706313442488e-01
9.584409558545145535e-02
7.858812425539454805e-02
-1.192920922369899439e-01
-8.516349282146828958e-02
-6.350011680826652891e-03
1.813471263426757324e-02
-3.352946751821006544e-02
2.995081283076970746e-01
-4.598090097737929371e-02
1.083269299622333925e-01
8.399561007558255243e-02
-1.290824584189378677e-01
-8.046684750131215952e-03
-3.857761827515218678e-01
2.091432778510503021e-01
-3.246545782179132145e-01
6.652817416068920742e-02
-2.414667317841262262e-01
1.192102162372968982e-02
-2.728379629910999138e-01
8.238862435575249055e-03
-4.892464322237686236e-01
5.152473482555636197e-01
3.765336858320150748e-01
-2.358718715875598310e-02
-1.820512096431494697e-01
3.156593117510900822e-03
-2.090109626337196269e-01
1.644729305297962588e-02
-4.061527074317394792e-02
-4.945825343974658006e-02
8.900007471863615738e-01
-4.551337644976470309e-01
1.856059024588135875e-01
-9.623618178653242650e-02
5.063075699408017272e-01
-3.096805820486707717e-01
-3.539799914927819757e-01
2.696360105472466739e-01
3.647089950457686469e-01
-3.461659577400244547e-02
-8.798791959916700545e-02
2.824428062534488013e-02
5.400362623847301258e-01
-5.664963475237089208e-02
1.230342849245573411e-01
-1.358768111396883860e-01
8.068274223404060808e-02
-1.282727561064618549e-01
-4.585191613023335555e-01
1.038825500941159830e-01
-6.676591153932970313e-01
6.623887231427870725e-01
-3.921752523755850373e-01
3.680827333005959878e-01
-3.700093060454440752e-01
4.468323715966844578e-02
-1.126112813727659923e-01
4.987488589861549526e-02
1.557369996420337466e-01
-8.815073695170935753e-02
2.914635694393013510e-01
8.558241017643349047e-02
-5.899286064910547189e-01
3.462746216910149721e-01
-5.509259197114007023e-01
9.816592956543357396e-02
-7.263896833672210951e-01
2.448390069698712090e-01
2.169058458560359226e-01
4.009018743806658930e-02
-7.441376983079193153e-01
8.692952735980786771e-01
4.226803397653653982e-01
1.812886710522676470e-01
1.661366462680632927e-01
2.408831349727947047e-01
-3.096809185822368415e-01
4.716165991807612645e-01
-2.286521176074717276e-01
2.137021695283903566e-01
3.452732951167313269e-01
-5.279911704643626413e-02
-3.390414398217659886e-01
2.430428458114532730e-01
-3.062841572498492537e-01
2.185682850207002204e-01
-4.072360346129461073e-02
4.241564533832713896e-03
-4.992949037045016358e-01
4.344816125881947322e-01
-4.163452947432798035e-01
-1.702110843901062653e-02
-3.591842712988930209e-01
4.021560961974797455e-02
3.589530668159401361e-01
-1.757473366023636421e-02
-2.170731108484369454e-01
2.503436880382903934e-02
-3.645095701488668127e-01
-7.956634630816363310e-03
-1.883117766297000839e-01
1.163804030688647163e-02
2.826983354434107198e-01
-2.997862919289238232e-02
-5.898710757445549957e-01
3.199812238912667639e-01
-1.309921502991896469e-01
6.831986505888262839e-02
-1.002686323985127748e-01
3.137124620263692220e-03
1.141688112285532408e-01
1.323677954262735823e-01
-1.181384324010173598e-01
3.101091800223334388e-02
-2.780624565782552904e-01
-1.277423878486577333e-02
7.041019775982576556e-02
-6.251131669067810925e-02
-2.634080058311626393e-01
3.884462127197600007e-02
-1.321179640819599155e-01
6.419172604214293254e-02
-2.944130199433845907e-01
7.676345478762924834e-02
-5.471754910507550806e-02
-1.975925868210218553e-02
-1.621999724585091451e-01
8.466324854779526399e-02
-1.168861453940332751e-01
5.659394748468152964e-02
-7.770707885137545512e-02
2.672536328781082576e-02
6.588304434386239861e-02
-9.473098743910564334e-02
-2.327086131952150749e-01
1.026683559198171974e-01
3.780993477312564188e-01
-3.063378926556194481e-01
-1.146091913624600334e-01
-2.484958089431327927e-02
1.241459175803222154e-01
-8.154637177743198628e-02
-3.873704063917663976e-01
5.305632580933054010e-01
1.120565448668151137e-01
1.203768912019004544e-01
-4.209636189710781740e-02
4.487428072143845315e-02
-1.710120566389189412e-01
-2.724274343349571137e-02
4.718570770225959388e-01
-7.133820954147926940e-01
1.104106690107362065e-02
-1.198350212184546085e-02
-2.983078785577143455e-01
2.252732144110733067e-02
-1.324302037729009791e-02
-2.618915188942284172e-02
9.895668875733470982e-02
-1.338552980175410911e-01
2.875264890325626155e-01
-4.174557873430965738e-01
-4.084478480711503101e-01
5.078858319343244887e-02
-1.256872382540938915e-01
-6.895168655695513640e-03
1.000270675171626156e-01
1.620370035770553607e-01
-1.011597891324256815e-01
2.065175562386722952e-02
-1.911052093980418476e-01
-1.010998093217649503e-02
1.385546404873138140e-02
-2.169120504444429706e-02
1.231331305562442385e-01
3.918417658542787119e-01
1.102646142668246565e-01
1.322419522950910309e-01
-1.171760263138518915e-01
-2.032177813114499632e-02
5.260537143096508661e-01
-3.349277620305931014e-01
-1.550780326549154320e-01
8.817071967000031374e-02
-5.546095180363583843e-01
6.003893413085872321e-01
2.531665396158891065e-03
7.720481014729883504e-03
2.793332117207019683e-01
-2.786126747645589416e-02
2.288831153158501219e-01
-2.848263903429564675e-02
-4.647093751765481451e-01
3.069078773006594929e-01
-2.857627678033075047e-01
2.692293167793665537e-02
-1.258527022938421384e-02
2.485755841958453560e-04
3.094908039058501537e-01
-2.849254088517882422e-01
-3.272513426287641802e-03
-9.543252381568868847e-02
2.983766583720082188e-02
-4.455581175500523267e-02
-7.814121094712982163e-02
-8.598420400572688582e-03
1.060148550493405367e-01
1.315634508608291287e-01
-4.867670558222660371e-01
3.659329442419139156e-01
-1.585776132584413300e-01
-8.194689557876642244e-03
-2.902476026637514361e-01
1.212668009372344924e-01
9.369565689908965211e-02
1.699869533491793830e-02
-4.108427005987236313e-01
2.632846724624366211e-02
-2.086410886778375939e-01
-2.962347756014397510e-02
-4.364079196349274214e-01
4.458653746582009331e-02
3.998484821923427024e-01
1.585231931736984928e-02
-6.833353268249164891e-01
2.708646797793679561e-01
-3.287179637151028677e-01
1.387049908107961665e-03
2.756860170440976754e-01
-7.649955998451211936e-02
3.094984519346595242e-01
-1.036877933112772404e-02
3.497298371274728535e-01
-2.996602834757819411e-02
-1.085849538047555657e-01
-4.697086376706822476e-03
-2.986523159942905958e-01
1.589331066958632188e-01
-3.057264973137731601e-01
1.553233780768264460e-01
-3.950637529434050110e-01
2.118791180371804809e-03
-2.425987196486459330e-01
4.077212023870242785e-03
-2.992478419108696719e-01
2.489254212457211179e-01
-4.447161592008369024e-01
9.433851564188661110e-02
-1.944312542524790077e-01
1.728018725633027053e-01
3.701752785736637241e-01
-2.056260123207037660e-01
-5.706686684661171904e-01
5.113284225414228557e-01
-5.227786763295739769e-01
1.226668320640985216e-01
-1.392183908701498107e-01
1.266019631893509391e-02
-2.667042902705231699e-01
-1.305169742630669406e-02
-3.502123593275621727e-02
2.907124495432260591e-01
1.374155113168865627e-01
2.580343922558821917e-02
1.409846391646933476e-02
2.800033448359974253e-01
-4.272668440012487023e-01
1.170411916437972683e-01
3.377652868910805961e-01
-1.098017407674254098e-01
-4.033242317148746231e-02
-1.366154638773708560e-02
4.257085057082221624e-01
1.713839950394288429e-03
-9.100974831321501091e-02
3.814222784352084283e-01
3.605822152677428533e-02
-5.714044077752727935e-02
-9.426450268489795781e-02
2.783196816230429360e-02
-2.411893422976611467e-01
4.412845219225186057e-03
3.478752153587295060e-01
-5.341278766473315232e-01
-2.210133153140365903e-01
8.294789934130450404e-02
-4.234793068122164050e-01
1.064784513698277188e-02
2.008790937535134269e-01
2.155488914397457600e-02
-5.974643324426448521e-01
1.401754008466820078e-01
3.164653612486258427e-01
-3.395057083899559736e-01
8.424069854194626839e-02
-1.004163703461527675e-02
-2.308373524683404732e-01
4.352452980887679401e-01
1.062261335866974410e-01
-4.904258549714263227e-02
1.165415304883405806e-01
4.302089962101040416e-02
3.725558100992744648e-01
-1.353493124345115164e-02
-4.518062511837048212e-01
2.045850581078716493e-02
1.350672491471860415e-01
-1.838923278821217588e-01
-2.392912401304054526e-01
2.671601593418149179e-01
-2.459993504919521790e-01
1.013335667671818041e-01
-3.640636417552140652e-02
3.120133619554905091e-01
-5.142467401855821407e-01
1.085487197390971603e-01
3.373713716866448831e-01
-5.586171893694679147e-01
3.246004201441940462e-01
2.630651512850780416e-02
-1.436926875825885741e-01
5.918668099368722124e-02
2.434472022438249339e-01
-1.889149070833795810e-02
1.468448992112216245e-01
-1.921192769979153669e-01
-1.609875228899843302e-01
3.548877600053875619e-02
-5.689219196364198039e-01
6.314643551064830218e-01
-5.146103968335086210e-01
9.320117628821517064e-02
4.885101831311118858e-01
-2.694958624364154898e-01
2.431292390512924950e-01
-2.870479312611277090e-01
-5.283251356336725602e-01
6.033712095660678232e-01
2.301843311936165870e-01
-2.210761040403282363e-01
4.361708917791065621e-02
2.937981756118979507e-02
1.621438107323960598e-01
-2.300932133684494008e-01
-5.608638390575807486e-01
7.316573511823888376e-01
-1.919763396784370801e-01
3.334263860294793269e-01
3.118875290970634095e-01
-9.982421953464382103e-02
3.774387946491989387e-01
-2.221868836642579975e-03
4.697689173509565497e-01
-7.355115429735850086e-01
3.795187550930385068e-01
-7.962697900715916266e-02
4.071780547008191364e-01
-2.794812163329365995e-02
