8.445691202765796390e+01
6.553435359439070851e+01
4.060419162832302220e+01
6.703381216049523061e+01
1.244120610729229242e+02
1.140840790743736122e+01
4.419884750785709748e+00
4.619163511707419900e+00
-2.557298070686098157e-01
8.484616245950959978e+00
8.085217326775770985e-01
3.610611475750099331e+00
-3.605632679301037591e+00
-2.401180525874932137e+00
-5.084662146755930756e+00
-4.914696980034149121e+00
-7.121789999726254372e+00
-8.888718473450397894e+00
-8.809214008781603766e+00
-9.093731165092702184e+00
-9.281808091224961643e+00
-9.281505049713434374e+00
-8.132043897659045228e+00
-7.974286884124133223e+00
-7.031699964934722047e+00
-6.070874151653384843e+00
-7.585037559609628666e+00
8.782678368799459179e-01
-1.188873539075189001e+00
-5.738730344468695677e+00
-3.965782862861045643e+00
1.748011565291974989e+00
-2.896979114089377028e+00
3.726617749641196298e+00
-4.887648712458744882e+00
2.993985500095897478e+00
-4.219019332250004695e+00
-2.300630753372791659e+00
-6.338368467085331304e+00
-4.371660448334742100e+00
2.455642782747885278e+00
-3.632645997652725001e+00
-4.264509217178620304e-01
-7.081455681552328407e+00
-7.860233990023377970e+00
-3.696557041734491733e+00
-1.162202063279227815e+00
-5.799932078269785407e+00
9.298950173494180405e-01
-7.309037811290158615e+00
-2.453754287099631171e+00
-5.932757163102866826e+00
-8.756601515868654317e+00
