3.728718620310315259e+02
8.732355487547229700e+01
4.424534331033526655e+02
8.269305418772431437e+01
8.858044066288699980e+01
7.454948494840036233e+01
6.335213487416327638e+01
1.878913282127898583e+02
6.559592469084248023e+01
1.506716865979598481e+02
1.922481227379532811e+02
1.058856660838423295e+03
2.911314145203769499e+02
6.410879191427164869e+01
2.304011439312561720e+02
5.835864594084956707e+02
2.136590069477463203e+02
1.694118263492831602e+02
1.838007804351757102e+02
1.618896281026620727e+02
6.995891552825797532e+01
1.965699806188563798e+03
8.379337927603936578e+02
3.938489125376027005e+02
1.001564915071499172e+03
1.178721018775680420e+02
3.031922020759114730e+03
1.713282608252225600e+03
3.187312059865617357e+03
3.573458614531352282e+02
1.011104320605785233e+03
8.050093258670144678e+02
1.331935462912206503e+03
2.751435242814181493e+03
2.619171698713460955e+03
3.042358990256769630e+03
3.716476509157787859e+03
1.227705289310984654e+03
2.569550266274117348e+03
4.328930848901020909e+03
5.458999390963338556e+03
1.448647199966652579e+03
4.043972065785240829e+03
6.500341346867033280e+03
5.708103097325576528e+03
2.998694743392959026e+03
1.180345519733842593e+03
2.935956431399375106e+03
1.116260754943266875e+03
1.534770045108145723e+03
1.592925690047660510e+03
3.264977262835254351e+03
4.054720634092976752e+02
4.323298817809183561e+02
9.134592369697361391e+02
3.405252583329143476e+02
1.260636214407144735e+03
1.703576080172274487e+03
1.492661638143721348e+03
4.134508738537039790e+03
2.324135331769042295e+03
5.665897210955458831e+03
2.103912984476645306e+03
6.756252720513751228e+03
5.479147530941968398e+03
4.436525758935667909e+03
6.424014794472352150e+03
5.705081132262743267e+03
4.485962012396965292e+03
5.726103944810659414e+03
6.596766701850697245e+03
8.367270226629898389e+03
2.532990524687447305e+03
4.939242516282927681e+03
3.793558801220593068e+03
4.891552116581987320e+03
1.487755452940988334e+03
3.809091836206713424e+02
7.510475208966336140e+03
7.317870216649337635e+03
8.445473167216207003e+03
1.037116933185214475e+04
8.859175432430911314e+02
9.691482460485858610e+03
9.274274674077860254e+03
1.237104934292116195e+04
1.275095442810082386e+04
1.193987058386916760e+04
9.351762790553274272e+02
1.118556456378637813e+04
1.361413362787774167e+04
9.837204767539500608e+03
2.601476172896367416e+02
2.545764021779255927e+03
1.264241436794732181e+04
1.194537351870912244e+04
1.375479771677150347e+04
2.961503609751891418e+03
1.465718125293165940e+03
2.138219943972642341e+03
3.791993148313881647e+03
4.453141580850521677e+03
4.460691496755121079e+03
5.668675991184463783e+03
4.772023304437007027e+03
5.886217243906778094e+03
3.934258765175302869e+03
6.638772712298736224e+03
1.356034692698914796e+03
1.667621089030771600e+03
1.667621089030771600e+03
