2.779483006953235025e-01
2.762497929895661769e-06
1.609256874075611684e-03
5.054046536702893255e-04
1.275636560036245157e-03
2.012258190712946742e-04
3.581928357539786254e-04
8.585033224590610159e-04
4.744041007791315609e-04
6.498089103074412799e-04
7.438862148634362709e-03
8.143245519415653194e-03
5.503527636813227477e-05
1.385083332186659230e-02
6.643589662695444239e-05
1.000351082575294060e-03
1.972519003786155631e-04
6.783288362198612467e-05
6.756565586645013610e-02
7.448675586177352622e-04
5.357178029214550521e-05
7.521645963565560600e-05
2.033721811407333574e-04
1.374569658326296327e-04
7.942732699262568946e-03
3.340540516404700601e-03
2.000739248982448450e-04
2.512791799410152310e-05
2.916805495918750471e-04
1.198006524896837687e-04
1.368876186100537315e-03
7.686223217199530337e-04
1.350534277074333378e-02
5.495649426186330360e-05
3.278813109595357634e-05
2.198427366824188840e-04
2.675601795838027097e-04
1.171366231659611923e-03
1.851121095754978442e-04
2.770750378326324904e-03
1.605905595873471686e-04
1.048774913350792063e-03
2.265648162605248374e-05
1.307374740363775097e-03
4.479031205629068640e-04
6.575155849950463371e-04
6.577267433448166604e-05
1.192433260635962993e-04
4.879588057334777941e-06
1.111068488001056985e-04
9.957496505789583102e-04
1.243852513383156451e-03
1.117735525743605142e-05
4.856176701840943244e-03
6.501035482650852071e-04
2.066501851252038307e-04
3.935134513694575284e-05
2.257046167577111875e-03
8.051113635227249261e-05
3.581845880444962764e-03
9.177031022993228405e-04
4.680950300466949735e-05
2.455374771039813670e-04
3.155223485572117314e-04
5.807280030685126889e-05
2.556440056772318108e-05
3.129966851986148437e-05
1.015467888043784572e-04
3.305474777869868864e-05
2.653341333046244912e-04
6.663141380659649013e-04
5.819071614643543623e-04
4.245093642873312142e-05
5.117345069670974290e-05
2.743762064493898475e-05
3.462251886534749214e-04
3.538146706325032495e-05
7.950276957104313383e-04
1.533264356004603200e-05
1.418454591698169637e-05
1.034901405550710138e-04
1.222065692659838004e-04
1.727343194722759617e-04
1.881080823362706788e-06
1.161928801306932150e-05
1.627606080133214058e-04
6.491040587314867703e-06
4.092679610408279356e-06
1.611965490041536748e-05
1.042885650606850662e-04
2.263467457381862274e-04
3.318838371711952214e-06
3.063300197086523291e-05
8.898220698323107181e-07
1.495192863120532686e-05
1.935208529391837481e-06
2.531563611690933711e-04
2.135641266546683446e-06
3.275019095597199887e-05
4.247253282432342800e-04
1.528345888291260499e-04
2.353992191585134810e-04
1.508229481388617752e-04
4.530168735121423057e-06
2.238025033082118221e-06
2.753655350946397303e-04
9.359894383971283796e-06
3.694078541698204413e-05
2.700623111022434035e-05
3.988639421175302628e-04
3.988639421175302628e-04
