4.871621498215776835e-01
6.581614486149350331e-03
2.009870337420927022e-02
4.444550050439600303e-02
3.444586481781966025e-01
1.762719766273748365e-02
4.952902449835915391e-03
3.329304556985309815e-03
3.641222245428607507e-02
5.754925756555418631e-02
7.143943279737934027e-02
1.043408334899875167e-01
3.091227937308165252e-01
9.958748197377437217e-03
1.648515979912502580e-02
2.964795771372296176e-02
6.798497987361612482e-02
1.009457360469496329e-03
4.956942774464405399e-02
9.690081249355867680e-04
8.723990640841150154e-04
2.146765873265287991e-02
6.709956543848549738e-04
2.251905659335230302e-03
6.091954280336495803e-02
2.570965810583348068e-02
9.139317496112527028e-03
1.692957962864606114e-03
2.511321294661111110e-04
2.914311275006079005e-02
1.782259507266412048e-03
1.086257201610540523e-03
1.372157261893965649e-03
1.688253140221108290e-04
3.170186106288042137e-04
7.097802454475871927e-04
1.744399893619005479e-02
1.204937708999382316e-04
1.796827623725979692e-02
7.922945834424882248e-05
3.158210924571414058e-03
2.058626286464789368e-04
8.627087081039888639e-03
1.157813397198517030e-02
5.629446972364744034e-04
8.001664001725980815e-03
5.135658954028142487e-03
3.189774007580808198e-03
4.192474108197193246e-03
1.083789732397141999e-02
5.334561011886362154e-04
3.299623980152557867e-04
1.661588203832679335e-03
