-5.457283866457318666e-01 1.110326214351573526e-01
-2.376637868061277636e+00 9.138308198666811322e-01
-1.651072854972168713e-01 5.748114700871314042e-01
-2.939943143634181855e+00 -7.854254671391895926e-01
-7.885034819407548135e-01 2.664658182213559989e+00
-1.801865848202840459e+00 1.668875009453740788e-01
7.284891640995692086e-01 -1.604773475521171777e+00
2.014759361183630304e+00 -2.277903987123129248e+00
6.225601453097979743e-01 -6.134647930715031450e-02
4.347232591312089056e-01 -1.013945305373034067e+00
1.254538056323143635e+00 7.916590268775749450e-01
8.296648302048748036e-01 -1.380877641328490890e+00
-2.945286310439032995e+00 -2.097868827098694489e+00
-2.276187596989791562e+00 1.904702384656337344e+00
-2.796738949838939892e+00 -2.058501728939492015e+00
4.031972301588457874e-01 -1.616101182057186669e+00
1.406281340023611826e+00 -2.537508858923282595e+00
1.121978150830377885e+00 6.005297115323235957e-01
-1.981687701053110651e+00 -7.388923723902065532e-01
1.918191978007267373e+00 -1.522897412583416488e+00
-4.461855459411130376e-01 1.316931786025773654e+00
-1.802277909844483883e+00 2.790100910969944614e+00
2.739077521628874301e-01 -9.677673442484744371e-01
7.836422904491424646e-01 2.267919921443137810e+00
2.508205427309487590e+00 2.991757992730510907e+00
4.667859465218673343e-01 -6.071187393390777842e-01
2.424503790929104952e+00 2.618942063534936970e+00
-4.414697183696647542e-02 2.986592426811346179e+00
3.568466624865385128e-01 1.200882816806839060e+00
-1.572659141178593956e-01 -1.743486746236366569e+00
2.114126515568667486e+00 -1.944011319424793882e+00
1.440108669123386420e+00 4.349721951854963464e-01
2.194041030867988518e+00 -1.683293024639743063e+00
5.918106934299856015e-01 -1.894163786907332669e+00
2.483926307133275557e+00 -1.987763231664156915e+00
2.914783745342436561e+00 8.637407655269528917e-01
2.311339009935100108e+00 6.684857094315503900e-01
1.211272045591171853e+00 2.090118878566995519e+00
-2.787935374617416251e+00 -1.016068928700872398e+00
2.715618804474226877e+00 -2.581696616152818979e+00
-2.533451650971328739e+00 -2.610663481863586100e+00
-1.360413276528136262e+00 -1.712384527877264251e+00
-2.914705274857275263e+00 1.846608678084013633e+00
-1.083287608891274845e+00 -5.415500601501355149e-02
-1.580619109449980186e+00 1.408333170473669682e+00
1.022095189180350694e+00 3.630421510180976696e-01
-1.158946925062435351e+00 -2.827739949569462841e+00
-2.322406805414156672e+00 1.657267636714223613e+00
-1.612572611738211759e+00 -1.933859879816415273e-01
4.214044513259360691e-01 -1.926318698009712227e+00
-1.830699854697031226e+00 3.183931914535742536e-01
-2.801213922240013865e+00 -2.586541566318977914e+00
-9.766198712856319908e-01 2.179931620471056597e+00
2.243400565341156394e+00 1.852961547114331253e+00
1.263009624993831181e+00 7.079533548029157686e-01
9.643337933347808644e-01 1.547835977986713019e+00
-1.056332229908638842e+00 2.536356763590137398e+00
-1.967391561129563371e-01 2.609733720845694549e+00
8.453706564963745507e-01 -5.033980337036561004e-01
