1.478562168422387302e+00 -1.547994603240963052e+00
1.105901443949165008e+00 -1.594087521069487146e+00
1.571166498341465934e+00 -1.851378788358262861e+00
1.517143616671716710e+00 -1.309392229676076269e+00
-1.199491442009455525e-02 -2.650544934680640896e+00
-2.676371148607320283e+00 2.398658057525849152e+00
-1.358636774928515256e-01 -2.622386666485552187e+00
-2.735680732482188127e+00 -2.316735402151527623e+00
-2.638252453209504633e+00 -2.397692532403195464e+00
-2.251619679404754937e+00 -2.638015396530318135e+00
5.970427408282984461e-01 2.448252564098740702e+00
-2.498340911608988080e+00 -2.474221267237762145e+00
1.275098575605507545e+00 1.203073476863496749e+00
1.480644650890455383e+00 1.545538228838848394e+00
-2.686461486778612962e+00 2.421645913676037765e+00
2.215156110740110318e+00 -6.324332204357885345e-01
1.046467786382106580e+00 2.465257661449120175e+00
-1.481771105183547821e+00 2.427496710192894369e+00
-2.523313021923301758e+00 -2.457256664181545425e+00
1.670355750042593179e+00 -1.691125621003890966e+00
-1.737624098720846888e+00 2.240178638823413948e+00
-5.965540703407156142e-01 1.269818698102134658e+00
8.980448583071336532e-01 2.453107337233977336e+00
-2.420816952677120604e+00 2.406040549020316721e+00
-5.596779461299177250e-01 1.310231070797522435e+00
-1.772994247972510040e+00 1.197578118919450374e-01
-1.615834501178919247e+00 -2.438329677707414600e+00
-3.115793961705081716e-01 1.213597606948060070e+00
-1.306224011464804269e+00 5.859611025729482003e-01
-2.789304805189437353e+00 1.127105576396824516e+00
7.408803391444861441e-01 -7.684244151934884748e-01
-2.015825343763204824e-01 -1.496432262360219756e+00
-2.089863411617988831e+00 1.448696967580436867e+00
-2.999635340583041820e+00 1.772863770251601023e+00
-2.288768496699872479e+00 2.681996474551107124e+00
-2.292270289497193581e+00 2.935334305655469933e+00
-2.026021902129821139e+00 2.816650648691223946e+00
-3.000508290530722988e+00 -6.390081476058856458e-01
-2.722613179123273053e+00 1.206086551874383961e+00
-2.434895632986921132e+00 1.276825271263336781e+00
-2.779004910258177308e+00 2.985823781773668806e+00
-2.567810928135085380e+00 3.457573396453778036e-01
-1.882126489859375251e+00 -5.075860123442750282e-01
-1.744289728387402594e+00 1.450490326541716835e+00
-1.883644423394033041e+00 -4.993365168493825723e-01
-3.004513981970356795e+00 1.357557064281132708e-01
-2.520582594426324263e+00 -8.766047747590542949e-01
-2.190998496058026657e+00 -2.340690745729981259e+00
-1.015267979346790250e+00 2.761698674956702515e+00
-2.422012197846415749e+00 1.846703529546253497e+00
-3.622006596492147734e-01 -2.642926649937097139e+00
2.494780904209778161e+00 -4.140594369281375142e-01
-2.754018699546721738e+00 1.038143219931843886e+00
-3.562660923265007495e-01 2.234134206614144968e+00
2.472286813276697970e+00 2.459465717942293850e+00
1.739161022050396355e+00 7.060796511828375532e-01
2.967670412860317075e-01 2.351352727555560129e+00
9.754249038310696188e-03 2.999933579128791106e+00
-8.480860798598007788e-01 1.664803295726749177e-01
1.184881325046000189e+00 -1.629299613568619964e+00
-4.339364952838804523e-01 2.214372569959124348e+00
1.792559377063656312e+00 3.001248711365414934e+00
-1.960225400064717238e+00 -1.978836868183723313e-02
2.317663480292606604e+00 -5.611364630323518732e-01
-2.783456488768784709e+00 2.899068849265391101e+00
-1.113116641114215044e+00 1.831160030715803133e+00
2.573133052631234374e+00 2.095880924781203358e+00
-2.214373856830562648e+00 -2.507986464984091501e+00
-1.053147653612191759e+00 2.771836915713159488e+00
3.348621375690863933e-01 1.953151115307741881e-01
2.155354982286064924e+00 2.521983995524397226e+00
2.543907444955290309e+00 2.088304158538899280e+00
1.013880379766876505e+00 4.099022789772455155e-01
-8.639287673969811010e-01 -9.817851361644091002e-01
-3.873228245452420282e-01 4.023668837221307526e-01
-2.397138619063755804e+00 -2.288077938064066785e+00
-8.792382154490412383e-01 -1.739854738983323656e+00
-8.792946319583966330e-02 -5.893535853496364441e-01
-2.306336308634415300e+00 -2.512749567070043266e+00
1.532623151283486918e+00 1.564935174076730107e+00
-6.933604108999180671e-01 1.141835965572364844e-02
4.150679531238400388e-01 -2.034229488502310890e+00
-2.765657249477881052e+00 -2.385325979074256697e+00
-2.525419307523377732e+00 -1.770211800575682171e+00
-1.438287517088833734e-01 -1.363077068282905868e+00
1.316666105974358070e+00 -3.000393244288112715e+00
1.337603117179950063e+00 1.339498210407175316e+00
2.321812256661309970e+00 -1.478687253660741385e+00
-2.900038605901784194e+00 2.942683889741014358e+00
-1.884343012567489817e+00 1.893259909550909947e+00
2.148027184905365150e+00 2.552868420689641926e+00
-2.568771680685745906e+00 2.480315461983484404e+00
-2.713344739234631486e+00 2.359438487233334936e+00
-1.195575742911847872e+00 1.135430190518284421e+00
4.423432776143263467e-01 -8.029627850193910010e-01
-2.402973019128076260e+00 1.522012210218588013e+00
-1.996157589652800990e+00 3.401031327231651691e-01
4.959877155335620791e-01 1.552761028196531612e+00
2.249996615140739564e+00 2.513785153383452542e+00
-2.398760525487110495e+00 -9.720588256147223438e-01
-2.941239178108080443e-01 1.358645653865539815e+00
1.624503610744977511e+00 2.219002879478743750e+00
2.610565822062938857e+00 2.639195124866409614e+00
-8.590201852137371308e-01 -1.158065235666336346e+00
8.045769711597923202e-01 1.726987728950173162e+00
3.000619061015325162e+00 7.108025426533562952e-01
2.295151850564561169e+00 8.759745859962890790e-01
-1.562383974166051903e+00 1.913450434190920035e-01
-1.115079523018630114e+00 9.975733746347446029e-01
-2.138523007349971916e+00 2.212346717564928955e+00
9.983968620887641032e-01 -2.986868032336544854e+00
-2.209620635033090252e+00 -1.792054449200275901e+00
-2.956356319519023224e+00 2.746558559895994289e+00
-1.564696088912720037e-02 1.847465619938206460e+00
-1.725636024070585250e+00 2.456455161200907344e+00
-7.412296795023943785e-01 2.438624634382839496e+00
-1.019387191862419551e+00 2.712764935220790541e+00
1.117144550282731297e+00 2.008341942818969272e+00
-2.139357984398102264e-01 1.747143897704893867e+00
-1.866474244371916225e+00 -2.780153693323509367e-01
3.711398559693637189e-01 2.944821159492059692e+00
3.001916600183938577e+00 1.466289902549765767e+00
-2.167957112428610777e+00 3.445469602194942138e-01
-2.182735629814894107e+00 2.820234958612052534e+00
-1.224671642398718063e+00 2.888095069049207542e+00
-3.028534243729415820e+00 2.251145139497339187e+00
1.600583523744654624e+00 -1.312108504952800514e+00
-1.991030418460923324e+00 -8.578982263599367331e-01
-1.461824128988296723e+00 2.951074798724677262e+00
-3.019108089615494706e+00 6.891864598643343554e-01
-2.504343894267107462e+00 2.203978064185143360e-01
-2.203789187260115856e+00 -1.437181647070977064e+00
-1.423208305090062797e+00 2.965010755789951880e+00
-3.038101732349546946e+00 1.313395040354141896e+00
2.945669123689154567e+00 -1.747713877362505053e-01
1.259584193599762258e+00 -1.562513673885334242e+00
-1.496309596524031837e+00 2.959542645109249470e+00
-3.054427663325084641e+00 1.831245278705065704e+00
4.193678569562144243e-01 1.726554530446294811e-01
2.897712082547155177e+00 -9.187810641754874386e-01
-2.806618838027001406e+00 2.937159069216749074e+00
-1.425802520895094405e+00 1.670649738570178622e+00
8.249323721274921528e-01 4.454265944871611538e-01
1.815756117395098679e+00 -1.018286751277236668e+00
-2.503231753140283899e+00 2.414737016564981520e+00
-1.039953077120651770e+00 2.166148529446638715e+00
-2.577831017996115914e+00 2.377071402262676436e+00
-2.582680062284360201e+00 2.283019727508972085e+00
-1.836697064555208314e+00 2.919096299783352944e+00
-7.740216547941591863e-01 1.730624470426481487e+00
-1.743156655306394631e+00 2.288144227432613143e+00
2.153356774959510833e+00 3.199970855187842522e-01
-1.935671594645965499e+00 2.822988700154993147e+00
-1.921521197613334619e+00 9.043208026993494464e-01
1.393205035196701802e+00 1.270932835605254274e+00
-2.361543609754463091e+00 -9.738968098431856069e-01
-1.188412277743363443e+00 2.030456403088901407e+00
-2.455318755367891459e+00 7.463358595738641688e-01
2.479693642353860028e+00 2.139069539254578434e+00
-1.258969623052500486e+00 -1.870567154247006370e+00
-2.557097845484792131e+00 -1.170216098406128141e-01
-1.705621602039161910e+00 9.828480431308094234e-01
-2.580795422968335640e+00 7.596778396987137819e-03
-2.264680144890836910e+00 2.270432319082283656e-01
-2.679041423907716268e+00 1.795513262943150556e-01
-1.344463533699075342e+00 1.377638801394419854e+00
-2.549590677984483467e-01 2.462088505742813904e+00
-2.035548055219464025e+00 -1.221580001072755772e+00
-5.710535942382976016e-01 2.107991831766394597e+00
-3.030982919535151865e+00 -1.860782729587174278e-01
-4.213816657252721365e-01 3.771244829493839434e-01
-9.595067219083975862e-01 -2.520628537306953909e+00
-1.194888327596633992e+00 2.809704445862460265e+00
-2.704157966229949750e+00 1.768268295864374950e+00
-7.446409918689479435e-01 2.252977868073149370e+00
-9.448202053472720685e-01 -2.571841837598072722e+00
-2.699796900619651829e+00 6.913378638493926642e-01
-2.011269805253596665e+00 1.797974261925937567e+00
2.503382750215849661e+00 -2.500226057862385609e+00
-6.527250402680976338e-01 -2.587257658784962278e+00
-2.891387997719384817e+00 2.677151040863753995e+00
-2.236857694373603156e+00 9.379567419738009670e-01
-2.057899288848877184e+00 -2.475561828463368030e+00
-1.381517748575534110e+00 1.426081341309731743e-01
-2.616235311694806498e+00 1.163318225643650561e-01
-7.966282306203474883e-01 6.872334751293323052e-01
2.474049928657716002e+00 2.517144614115950585e+00
-2.230281142592672960e+00 -1.240542209743390023e+00
-1.715340653464447973e+00 -1.474299992288879424e-01
2.910026172092114449e-01 8.478818675301301733e-01
2.567135322056677271e+00 2.533364740745279953e+00
2.496570068191939384e+00 1.442484346900304137e+00
8.949835149128541056e-01 1.689060934007526216e+00
-1.214368295592340580e-01 7.499950238314443407e-01
2.501278466452067306e+00 2.490334754486927427e+00
1.809080008422612851e+00 2.457411709700636049e+00
-1.033152377555079493e+00 1.594038771156677026e+00
-1.472372704153248835e+00 -1.198467655752680106e+00
-2.010268578454847965e+00 -2.273653112240220153e+00
7.747167494955060629e-01 2.396172067190800892e+00
-2.379812859087161225e+00 -2.095926238161666788e+00
-1.112730933594775928e+00 -5.049810146259354759e-01
-3.346275129027397877e-01 3.296533926900608868e-01
-2.288993799002939866e+00 -2.328302763903348449e+00
-1.999041174773971419e-01 4.431456033036181297e-01
-1.712787567458658566e+00 -1.821364139331333787e+00
-2.632525778444703590e+00 -2.422075214695041279e+00
4.229205870030192105e-01 7.380990665761130165e-01
-2.436111166115086490e+00 -2.612830312520092679e+00
-1.384543559683949487e+00 -1.510971498654554601e+00
-2.497130965586478180e+00 -2.501894814871541861e+00
2.534030099361583410e+00 -5.568855536895694902e-01
-2.248863646066463051e+00 -2.437278081311014866e+00
-2.730613610375376421e-01 -2.106295625757627299e+00
2.115681288996102083e+00 -2.392673349051807286e+00
-1.130005167420289558e+00 -1.346318593976646438e+00
-1.245263065658359203e+00 -1.175675612462991904e+00
1.012838267570984163e+00 -2.401475163451717076e+00
-9.941659571311185495e-01 -1.039577515235915461e-01
2.389215595283243676e+00 -2.177513165073746482e+00
1.779705644908667450e+00 -2.826758623013054805e+00
5.014382586690124821e-01 -1.438652075169379208e+00
8.485121981919106771e-02 -3.030442582627755899e-01
1.480825827013368956e-01 -3.104935918755895030e-01
-2.035134408011017026e-01 -2.304018370521612624e+00
1.507386611529319520e+00 -3.087480287592193062e-01
-2.829951985626081301e-01 -1.360147779039425631e+00
6.021006209473033222e-01 1.560583675582668306e+00
7.812684407041213808e-01 -1.612650767818275988e+00
1.890431180310854442e+00 -7.904308215494906809e-02
2.571640174914334054e+00 -1.324703113447476488e+00
-1.347796721353000937e-01 -2.989455864943743602e-01
1.966587597858832970e+00 -9.352429528805664694e-01
1.486639044154779210e+00 1.728827895522851987e-01
-3.963029828428426549e-01 1.502060620486602716e+00
2.115121766221857325e+00 2.564166489293230988e+00
2.365078771565690463e+00 -6.518050616015416132e-01
2.038773082591641916e+00 1.684504650750186405e+00
6.131525835451389073e-01 -1.479564013886673690e+00
4.639620465891033940e-01 5.792013377092863902e-01
2.599037771714644229e+00 1.051075233704144907e+00
1.995407223584272804e+00 2.000344835362761753e+00
-2.510052515864371170e+00 1.437695867093150115e+00
6.920503808232425502e-01 2.390851850376704224e+00
1.173008915400038932e+00 2.721774999945894002e+00
3.049650244489533701e+00 1.076368611620101001e+00
2.303586524464252161e+00 1.335796598063557550e+00
2.495835042012566340e+00 -1.347589398157574170e+00
-1.126820456441571139e+00 1.116080369307089759e+00
-2.720132668170671231e+00 1.889653278966525907e+00
-2.468140910017789569e+00 -8.262908502920173204e-01
1.051876329213243366e+00 -2.466379784402968678e+00
-2.778058438161993937e+00 2.782981762877311027e+00
-3.054767757152278218e+00 4.424846549521873063e-01
1.803306510063300561e+00 -2.800743733783972900e+00
6.400245142198937587e-02 1.977691908222470207e+00
-1.050060984607325221e+00 2.875939156749907077e+00
-2.239866003494239699e+00 2.010618911872548153e+00
5.580617274976652498e-01 -1.624222018823904046e+00
-2.147163849051776818e+00 -1.740547010064354305e+00
-2.831524377139126081e+00 1.133188914525273150e+00
-1.368815958061731841e+00 2.573247745076932436e+00
1.230252280556598743e+00 1.255392208451684422e+00
-9.272726236379584819e-01 2.673133622243177854e+00
-2.171436054517575709e+00 2.819877525021522224e+00
-1.548649766593648724e+00 1.926552429745253869e+00
1.346747088009725979e-01 8.570165545120193018e-01
-8.828374927010008977e-02 5.741554898779963612e-01
-2.563161386964543986e+00 2.867201559699521507e+00
-2.308330210853925646e+00 8.227488300943505140e-01
-1.738243978426718073e+00 -1.739002398221987988e+00
-2.615241670562969301e+00 1.328035692194404982e+00
-2.992113379948297514e+00 1.660225908376069093e+00
-1.570742001288725431e+00 7.356699327537364885e-01
2.394978182573960446e+00 2.467070324863632091e+00
-2.749870540349148573e+00 1.749364867462984918e+00
-2.531408791011091175e+00 1.558333888441008286e+00
-6.951375999420567053e-01 7.674244749652504582e-01
2.594033631871410783e-01 1.790581256394654819e+00
-1.184011290430724284e+00 1.744964241033318375e+00
-7.584318921695449855e-01 1.669725460480515622e+00
-9.721441272374817810e-01 4.736046798573583239e-01
1.387373322466675996e+00 2.365666084700475125e+00
-1.166439816042136313e+00 1.141848895275935138e+00
9.302837668657780723e-01 1.413328563281466055e+00
-5.459585241405022771e-01 8.496109392913968605e-01
-9.065065615109342279e-01 1.104856124136498918e+00
-2.376839345404737180e+00 -9.579895757770242604e-01
-1.924528418643207894e+00 -3.086914094623695592e-01
-9.869056516128023038e-01 4.738115931880662046e-01
-2.161073754254102308e+00 -1.488371296758647766e+00
-1.678938192591064915e+00 1.578141774995631019e+00
-1.212097588684821536e+00 1.624082115203594689e+00
-5.537900422653432297e-01 -5.829970185500763513e-01
3.171104611678610130e-01 -1.294961908630015035e+00
-2.686740726969964577e+00 1.562022618745426417e-01
4.113745977144738775e-01 -1.707715239060774604e+00
-4.353641495290980767e-01 -1.634936089701206630e-01
-1.466870587012820026e+00 1.489779685536683496e-01
8.308186265346676480e-01 9.719507998773520008e-01
3.516241126351477564e-01 6.788596659200403227e-01
-1.428254361903121161e+00 -7.471351583540613017e-01
-1.565565500738562932e+00 1.094154049827387176e+00
1.144217113993912571e+00 2.623447593679062884e+00
-6.311872628433551347e-01 -1.528180061347748087e+00
-1.776435763788023259e+00 -1.284669817044404638e+00
1.354917661292995845e+00 -1.711203014065444172e+00
-1.965679091137454426e+00 6.526204316333117372e-01
-2.758725237467051894e+00 -1.872456254856045277e+00
-7.936598122886692197e-01 -2.163078053906000608e+00
2.480635402033295467e+00 1.209029463655407755e+00
-2.638813783010253378e+00 2.008089856291317421e+00
-1.677941126645128289e+00 -2.937764113101934527e+00
2.786280878562087393e-01 -3.004256101047663385e+00
1.281581843736602222e+00 2.752021012541411071e+00
-2.230915699436063215e-01 -1.447514755583852564e+00
-1.154633621086380124e+00 1.073471090502777114e+00
-2.049427294200287797e+00 2.468470180724027241e+00
1.658029327318650548e-01 6.442406247467173941e-01
1.294991115668420179e+00 -1.863026162409937347e+00
-2.934415035562193630e+00 1.473159490314491338e+00
-1.189669872108089832e+00 2.373483352169529770e+00
-2.428105126551350246e+00 1.260070309838600133e+00
-1.790101610942668620e+00 1.596241369762501527e+00
-2.368297573988146443e+00 1.173961307894406003e+00
-1.627678854276123799e+00 2.671322450885068367e+00
-1.837867158366418785e+00 1.431224488131213723e+00
-2.042329447321098446e+00 1.646332940743929552e+00
-2.397952038401182762e+00 2.637420588019449230e+00
-1.164342970138009248e+00 2.329531881596528464e+00
-1.808250945703674617e+00 1.283215602723642323e+00
1.838456483050364243e+00 5.479678770903722018e-01
-2.122169330663397080e+00 2.446582828609483506e+00
-5.523366647536510632e-01 3.016482957501213757e+00
-1.379815909248166772e+00 -6.553196287875240333e-01
-2.271408704773712761e-01 4.033069032440104174e-01
-1.326347299707286265e+00 1.276978280465867144e+00
-2.247207220423088181e+00 1.997285769043111170e+00
1.468805044575569374e+00 -3.723109836368186931e-01
1.422565330767018077e+00 -1.568240730198093624e+00
-2.802460141217561596e+00 1.041127945001807831e+00
-1.582958425023384574e+00 2.016953457570836772e+00
-8.380656570935636207e-01 1.073255721108899774e+00
1.465470347681099739e+00 -8.361975311175771086e-01
-2.791293369263588620e+00 6.411940331394204717e-01
-2.203033749464955005e+00 2.030432314711498876e+00
-1.923150175506332660e-01 4.388632969002970730e-01
1.034643239808098469e+00 -2.492257484876642337e+00
-2.945948635093089685e+00 2.672228998308858738e+00
-1.607281752992403723e+00 2.018068949013288371e+00
5.136566482970871261e-01 4.547099928990665507e-01
-1.475052530774791648e-01 3.596207239596485583e-01
-2.400698706249394743e+00 2.766326112492113687e+00
-6.423391691859093866e-01 1.941054122803080206e+00
-1.100241045605140577e+00 9.695255733119595432e-01
-1.460221861425309964e+00 6.263925365308101734e-01
-1.587769544792645426e+00 2.952674828885478941e+00
9.035344721783100663e-01 3.022637655806589940e+00
2.487821145294385250e+00 -1.369453309567046473e+00
-2.173267306531216470e+00 6.377239740606255314e-01
-2.759670541807327293e+00 1.249937160106422196e+00
-1.636452470442160134e+00 2.645600502512549301e+00
-4.818760523434408860e-01 9.839577134606372066e-01
-6.746312183926103101e-01 7.386130980345996244e-01
-1.241781157678164327e+00 2.942727933648933369e+00
-2.030614868338857182e+00 2.441633307060668390e+00
-3.005099305438315715e-01 2.029457098005986448e-01
-2.426594978569203698e-01 -1.434875365956721716e+00
-2.902124082129442506e+00 2.885381693538595638e+00
-2.087236434047796685e+00 1.141104699880588047e+00
2.532617969107748390e+00 -2.446268213326013630e+00
-2.517856884462291500e+00 -2.474832854720889763e+00
-2.990960527572045002e+00 2.032008682812138645e+00
-3.004584497836476853e+00 -1.317432547405636534e+00
1.395900292050915148e+00 1.368503779884603588e+00
4.494170129405890557e-01 -1.469460913403579871e+00
-2.881952957922378822e+00 1.217502640118857782e+00
4.965312754056843692e-01 3.071782847918844706e+00
1.422641188657728373e+00 2.523050018697674979e+00
1.824636648223056712e+00 2.009020703389381435e+00
-2.331751938637962596e+00 2.928454694235381073e+00
-2.077824412379020824e+00 1.102585748111784447e+00
-8.464440234557321086e-01 -1.621303009323496802e+00
-2.355653669427105967e+00 -2.479044925291202350e+00
-2.946015119556216977e+00 1.853861831846455255e+00
-1.618858012876224439e+00 1.057744083337765373e+00
-2.491619963985076236e+00 -9.176720177856005911e-01
-1.300999046301287487e+00 1.013594158713778670e+00
-8.584043412916477767e-01 1.911696130888607126e+00
-1.828493551116043170e+00 5.899017119755309846e-01
-2.733810423680359314e+00 -2.092945565539760799e-01
-2.088747513626917129e+00 1.780434059366609256e+00
-2.788602621546262039e+00 1.550836740406654091e+00
-2.002045235983524255e-02 -9.348429676681992984e-01
2.660341585478015247e+00 -2.443769434001356267e+00
-9.154266631010986588e-01 -1.071575581784260711e+00
-5.695565807844420458e-01 -2.069049775449688600e+00
8.806239039457700590e-01 -2.643669816518855464e-01
-1.660272972962355986e+00 1.976446632751284627e+00
2.534253186278049075e+00 1.801253422485085798e+00
-2.064154262327917433e-01 -1.065670061070941532e+00
1.038750869571177571e+00 -1.046353604735904774e+00
1.062201622119424815e+00 -2.434664371595078425e+00
-4.305993280130943623e-01 -2.964188464702389059e+00
1.950902184069423839e+00 -4.699945879937011961e-01
8.904130449288473192e-01 -1.186003365417715116e+00
-2.767017776424481657e+00 -2.170146158858306418e+00
9.677312362233923826e-02 7.376439210696579263e-01
3.401541419263771210e-02 -2.093459600449669278e+00
1.138855178267796697e+00 -6.486359352727694150e-01
1.943773433000421491e+00 -2.683302547383151548e+00
-1.235913713736394914e+00 -7.148158606767955892e-01
2.024498001014981785e+00 -1.674392354707042729e+00
5.919088606544435915e-01 -3.349766791355335283e-01
2.297222957575527857e+00 1.830502800519418605e+00
-2.784435980709901504e+00 -2.205415097962769799e+00
1.624616363617561454e+00 -1.253631243535063389e+00
3.913707390964968336e-01 -9.593962420038364414e-01
-1.335228120553677345e+00 -1.650304482366452996e+00
-2.666320248363013290e-01 -1.092530697955747643e+00
-3.308355823034663246e-01 -2.085511781466580672e+00
1.718483007085805259e+00 -6.586010731671445573e-01
-2.539223146672990872e-01 -5.333775163194980351e-01
-2.034352923609344721e+00 1.513593251686734309e+00
2.867301879056957770e+00 -1.494453154915023063e+00
1.252674854429657980e+00 -1.021372180187243739e+00
-2.087987456372649042e+00 1.475068982379517779e+00
-1.450985597957421325e+00 5.171380905044175025e-01
3.863947782781975704e-01 -2.095694034115668458e+00
1.087761033330576499e+00 -4.364572739581327326e-02
1.934529178269299710e+00 -9.990601313109507275e-01
-1.152680127268403520e+00 4.380039454988125108e-02
1.962832792304715301e+00 -9.959512085444808260e-01
4.628936057590651298e-01 -4.659644774552853530e-01
1.214727151713333786e+00 -9.455028072063809130e-01
-1.556451258227146139e+00 -4.972153038166888250e-01
-3.283642047371585493e-01 -1.237524458588730170e+00
2.640485653560515900e+00 2.375838202307976876e-01
1.645057562081887692e+00 1.592210308316712286e+00
1.497427711371834169e+00 -3.523553667854495419e-01
1.647707538844960018e+00 9.233769417503917554e-01
3.042619446652872206e+00 2.408523496751328319e-01
