1.950087134068482442e+00 -1.764635903867787903e+00
1.944787318227687134e+00 -1.534316236465012251e+00
1.042629491659146979e+00 -1.716763133071731673e+00
1.413061017190604618e+00 -1.099932084336571414e+00
-1.526043933954405629e+00 2.384234753999213474e+00
-1.671801256046475448e+00 2.521649750597216411e+00
-1.610172153067948253e+00 2.419141132952526529e+00
-1.544188281937814544e+00 2.480963728398807966e+00
-1.575080290046797726e+00 2.489106836164774350e+00
-1.545531840640434362e+00 2.457109281716123306e+00
-1.685575986640777124e+00 1.770806271511285113e+00
-1.538856993287284425e+00 2.765293061057855439e+00
-1.955961398115840133e+00 1.318084653257459937e+00
-1.890849953110622872e+00 1.290523161581745182e+00
-9.545634279165371439e-01 2.170321148611499495e+00
-2.024462408749633457e+00 7.598316301507678228e-01
1.560905178964685946e+00 2.838080504038730467e+00
-1.476201442595321822e+00 2.727075005603702973e+00
-3.075740922817090106e-01 1.411623088741438048e+00
1.495447412678310994e-01 2.326392938344175931e+00
1.046488564828476076e+00 1.227847958824202834e+00
1.661519757736105440e-01 1.829397714962358146e+00
1.805979131375889501e+00 -6.035093645292497477e-01
2.810490804721717417e+00 1.092994974668158203e+00
-2.563300338010631729e-01 1.309765485892809167e+00
2.083034092175975793e+00 7.362633571689360945e-01
1.466018409133575506e+00 1.153527963159234337e+00
-2.690970215599730597e-01 1.449340535620681658e+00
-5.596272417587540016e-01 -2.415476526458694151e-01
2.735012022003532550e+00 -1.271923703841141062e+00
-2.841779314591140526e+00 3.608150874160276911e-01
-6.728007695376972963e-01 -8.799961478321606523e-02
-1.102883699889543712e+00 -7.941720638131446464e-01
-4.117173863735580919e-01 4.874872694657711447e-01
1.240710843880597603e+00 -8.273607951889559997e-01
-8.327613338603209181e-01 -3.734372132672375000e-01
-6.263442262955352113e-01 -1.270111978175338052e+00
9.254920075114463351e-01 -2.904837772339253554e+00
-1.760434604561128547e+00 1.226831799999049122e-01
-1.066197920515322695e+00 -9.769965898275990712e-01
-7.205033164008847746e-02 -7.640947638752135784e-01
3.622588085988900364e-01 -2.412742436418859437e+00
-1.577634593124626727e+00 -2.763436600275234412e+00
-5.531168570064782797e-01 -8.703461874511798646e-01
4.503887756668282227e-01 -1.499755543238648348e-01
-1.318874230590704633e+00 -2.798151166119955846e+00
7.455000683022506847e-01 -2.711837766202977118e+00
2.544073683090821575e-02 -5.275324227012507805e-01
9.804341864556406216e-01 4.738974939669995390e-01
-2.223989834142656274e+00 -2.765262495564491108e+00
2.914117075505103127e+00 2.349248703069318989e+00
1.078214536552219105e+00 3.094423846420034652e-01
5.519786599822034123e-01 6.731014349230729499e-01
-4.959237065183415005e-01 1.159124626996340890e+00
1.260716425052895273e+00 -3.667979786579035562e+00
9.453369310526222868e-01 3.997314277902939139e-01
9.565908828179323642e-01 8.451926361460924131e-01
3.251066561713883973e-01 2.847702708365459134e+00
1.607223618009990806e+00 1.295847296949165450e+00
1.298675140489824020e+00 4.848915459217134627e-01
8.684173215077746200e-01 6.923751640254565132e-01
2.367724562122953957e-02 7.494268678456117438e-01
-1.152490004280561607e-02 -2.647335046391691704e-01
1.147129890150800913e+00 4.086787357806989096e-01
8.555397407691375244e-01 7.086591305786286155e-01
1.024713912848148389e+00 1.281669167573627199e-01
3.547351962481716803e-01 1.431665923103115245e+00
1.341515753584659576e+00 2.742198722345361994e-01
8.638309687080916177e-01 6.725261178034270815e-01
6.250003282786892322e-01 1.508159920480301119e+00
1.522773422484428263e+00 -7.081723251646616646e-01
1.372637346319170559e+00 7.932995128344701996e-01
8.782876088331218467e-01 6.346656034863695783e-01
4.430068958321833894e-01 1.477961383641019921e+00
1.493544818717402967e+00 -7.904191762060110982e-01
8.290228095808652720e-01 4.603324391449929998e-01
8.712360878558145227e-01 6.709068716840643765e-01
1.537722223635685115e+00 -5.949737289989395217e-01
4.886887560388318286e-01 1.730204280765171188e+00
1.432892210349471673e+00 6.746966369566483879e-01
8.733837486558901908e-01 6.588541568952430705e-01
1.682745934227374063e+00 -6.768566920219794281e-02
1.006316126024906277e+00 2.058915995784223740e-01
1.417290233126397681e+00 7.206922494037137916e-01
8.782529803714937966e-01 6.462639761573542030e-01
1.760671691583060250e+00 -7.526202283107646940e-01
3.435601859315689510e-01 6.857906097844767013e-01
1.127639720714262772e+00 8.860939275641251944e-01
8.787487402011552318e-01 6.435047179006483375e-01
-1.578628593607803443e-01 1.557845992294945692e+00
1.588311115885920888e+00 -6.448060941311817285e-01
1.288788329446568293e+00 8.980234991055707772e-01
8.736782329672645453e-01 6.523085327416403567e-01
1.720065367288330371e+00 1.050532862187917305e-01
1.108789983485269470e+00 5.139290362201274359e-02
9.328887454984126082e-01 1.243521056003575320e-01
8.601158263927866088e-01 6.823347725461108570e-01
2.197402436222898880e-01 1.713750326736758423e+00
-2.759901000704614513e-02 1.338365033616950583e+00
9.688773265568585424e-01 7.328789395724395472e-01
8.603446593386701036e-01 6.790308568403634615e-01
1.728480022547963513e+00 2.500779942419653623e-01
1.676318038918947817e+00 -1.883441093211127570e-01
7.951919025472513614e-01 8.187351123621275928e-01
8.815561437685945911e-01 6.349765275381427099e-01
1.815097432597181926e-01 8.465397604845523727e-01
1.730424392104087161e+00 2.248679436379729876e-02
1.240507309070031372e+00 8.450723896406555635e-01
8.880864229835867540e-01 5.855962112875034986e-01
9.941275230528844320e-01 6.644780479901341019e-01
1.278746997434118349e+00 9.904045083007346761e-01
7.779068370481418970e-01 7.402920545364994886e-01
8.556035308640225212e-01 3.975428149337007500e-01
1.278646804971717843e-01 -3.331691290274567119e-01
1.474562614173775321e+00 7.225261959760262975e-01
1.197638104745420762e+00 8.097443144210202393e-01
8.247703411810027863e-01 7.212380773759887731e-01
9.297280378602685857e-01 -1.908063079031653564e-01
1.307074160913126892e+00 7.791521134530583481e-01
9.613212634876401319e-01 7.744901588791046620e-01
8.885899576537211741e-01 5.558125552777627432e-01
5.234808012373880493e-01 1.492960107998847930e+00
1.546901661504195058e+00 4.270331994564564582e-01
1.456220419667929811e+00 6.212287730521974805e-01
8.716723152584729961e-01 6.378341236738955811e-01
1.698988716809981259e-01 -1.826272392035489245e-01
1.579341967031273830e+00 -9.623340838309428769e-01
1.084336315739630630e+00 1.188061513379830902e+00
8.318616914415415398e-01 7.097675250313670858e-01
1.153059826713585867e+00 1.557953245765670569e-01
-3.817119223173254250e-01 -8.640015318605534511e-02
7.566042016080581911e-01 7.426355370197550432e-01
8.794631337416721761e-01 5.171147782289117201e-01
-8.989454294787698752e-01 -1.158936986367676392e+00
-1.489727128404768342e-01 6.688312003102669934e-01
6.914877256292774055e-01 7.418857623753799535e-01
8.171739181967009324e-01 3.283654088672959825e-01
-4.724444658654335938e-01 9.787314886842940487e-01
2.786790232726355843e+00 -1.496853337077953983e+00
1.355152444064082085e+00 8.716989410481329470e-01
8.832747216272861523e-01 5.513977631197892748e-01
1.053050867703155813e+00 1.304302903973587391e+00
-1.440317674405380499e+00 -2.803083578704868017e+00
6.955676725003623329e-01 7.376168622039228628e-01
8.449715003146289760e-01 3.862178527373274495e-01
-1.790906052818467542e-01 -2.574440915828795529e+00
-2.116000834875109704e-01 -1.021157780345655519e+00
1.103655928239797523e+00 6.246710048809994698e-01
8.691985467352861816e-01 6.488025758617994576e-01
6.989870422907302761e-01 2.569561001146103862e+00
-2.628521880628682528e-01 -2.355767100608464615e-01
9.929786922620573719e-01 1.188443183156123739e+00
8.587738250405526630e-01 6.684871672469000492e-01
1.839964700150474863e-01 2.354439256001409575e+00
3.300979164602407256e-01 2.782100184804088272e+00
7.683152822152885530e-01 1.094240816813421446e+00
8.808035205967248427e-01 5.895387922008993309e-01
-3.656337865626712036e-01 1.292771793818113357e+00
5.471856430306613062e-01 2.899987057502654064e+00
8.352789313552551054e-01 7.231722521752426136e-01
8.617448373424199115e-01 4.421571316235502480e-01
5.859819985116055951e-01 2.385543908356782872e+00
7.708593099401639392e-01 -5.318204557458024173e-02
9.402932149658383976e-01 5.116320129872856670e-01
8.319772715808593233e-01 7.064911475942636798e-01
5.376067601123862838e-01 -1.961868537854387640e-01
1.413213022241368355e+00 -2.984619348234777814e+00
7.007644028865528396e-01 7.360058829176945316e-01
8.562109888332151142e-01 4.326271194706579060e-01
3.800785202538251029e-01 2.601627081243703010e+00
4.847872073118285052e-01 2.879379680992066870e+00
9.306260104026223834e-01 5.139589098854693283e-01
8.491203119108500230e-01 6.803693802594812379e-01
1.864055909561662394e-01 1.556348511320965855e+00
1.873794534701413328e+00 -2.738615445427198924e+00
7.417113419865972723e-01 8.923808765568080892e-01
8.756628113355677812e-01 4.970104251399860007e-01
2.103567212874409620e+00 -2.904352628444348827e+00
8.781868444777606308e-01 1.335693574948354501e-01
1.438996686670589442e+00 5.055291852840579914e-01
8.806338846036712020e-01 5.765303659833325156e-01
1.396434006900775460e+00 -8.447369003742565274e-01
1.434714798022500126e+00 -7.059721102925148317e-02
8.464163722533086798e-01 7.201428521359012347e-01
8.545219529125891444e-01 4.214640435033193411e-01
6.520014518299076522e-01 1.522856691288766884e+00
1.639197487041128776e+00 -6.991766841252164966e-01
8.920628013143983015e-01 4.992228694647324883e-01
8.429621173885391006e-01 6.903415780684979408e-01
1.149627312205166119e+00 1.419562888887849761e-01
2.979435775294016486e-01 2.359444646953164693e+00
7.030087063442279627e-01 8.154500197157985575e-01
8.672425198639276411e-01 4.586645102889103098e-01
1.586271216324295130e+00 -1.188475877457971785e-01
8.960141226201733256e-01 -1.755279228617442552e-02
8.500011863555867464e-01 4.608996176394615785e-01
8.468790612137551133e-01 6.839833784356214030e-01
1.331248440852919046e+00 2.981465773432910860e-01
3.633261945800539405e-02 1.565724228609931989e+00
7.588449167186684940e-01 9.923812456081851918e-01
8.785612770965627316e-01 5.503417410331997717e-01
5.531326639698941339e-01 7.717292315713113471e-01
1.666195300349174513e+00 -4.690642453109374749e-02
8.433096590071760268e-01 7.511862895273272445e-01
8.594704576039542410e-01 4.243347526509807510e-01
8.348969308568096048e-01 7.224714158119787122e-01
2.888179489930670640e-01 7.483375197361235021e-01
1.325102035526632749e+00 7.985834887923578540e-01
8.683476025388195962e-01 4.615496213033027928e-01
