6.432729240873980014e-02
6.720906397559485157e-01
6.697106733019020375e-02
9.248022512366177450e-01
5.964953407818192055e-01
6.752948436679058197e-01
1.122104350605612755e-02
6.807244624605568450e-01
2.178669967206191549e-01
2.417588445416383180e-01
4.992176722659549259e-01
5.426172447389439046e-01
2.364059060861097850e-01
2.222336373339577342e-01
8.282949176296932059e-01
4.922987476385815020e-01
4.424399640709604231e-01
2.616965087385121347e-01
8.348579247629872579e-02
8.163104252058670518e-01
9.295864119135077708e-03
4.711598193966759496e-02
7.959384654630082823e-01
9.431473480520691233e-01
1.408956004620118829e-01
6.183548248223931232e-01
3.904271247787713950e-01
3.004404124087001193e-01
3.050206369146282182e-01
3.700513662951019356e-01
8.518767813998388005e-01
7.654319454712621429e-03
5.965825367820754010e-01
7.858098201868897181e-01
6.778259078724980791e-01
6.010122257133423407e-01
1.001003272660734300e-01
3.867100824030500483e-01
2.170474253889909111e-01
6.476654993807207106e-02
5.841788613611997860e-01
8.451571555419263859e-01
5.532709076088553335e-01
4.663562302380238611e-01
4.976398109693797034e-01
5.644764143960898650e-01
8.148051516174118492e-01
6.662514045871084090e-01
2.003461284146283994e-01
1.735435927479362928e-01
7.203888248317458221e-02
1.835538352757548619e-01
7.302052799494496149e-02
1.740526040668330943e-01
8.604277845983687723e-01
3.753798267692933788e-01
9.295732091521814455e-01
3.373899917460774223e-01
7.970917559750233528e-01
6.335384440383506899e-01
3.757177638748367965e-01
8.732135846382574895e-01
4.931737163641624067e-01
6.843553805725131056e-01
5.438587284866456262e-01
9.623341122391158020e-01
4.945597595558287596e-01
7.746137949006716150e-01
7.720754160681359002e-01
1.248166179974053991e-01
1.447868136762876512e-01
