0.000000000000000000e+00
0.000000000000000000e+00
8.026963000890423583e-01
3.130140349139054479e-07
9.351652785483111074e-11
6.372413729182488940e-01
5.557158489091553744e-01
5.369335757455766522e-01
3.245131265511778107e-01
5.135641193667552784e-01
7.036515085760974841e-04
9.773104430096113404e-01
4.186191975554296452e-01
7.977228787219415862e-01
9.213011095856273869e-01
6.499039141232960670e-01
1.107983098937472821e-01
5.916965680328309940e-01
4.362286855088892690e-02
7.127280066445524920e-01
7.136620594986431421e-02
7.493054008481603301e-01
5.516071473809347481e-01
8.843183952724764652e-04
2.543801662315684498e-01
9.313836342478444275e-01
4.077612675992692282e-02
2.347969377834990823e-04
4.113830471822418344e-01
7.559660280856528303e-03
9.234514760202749972e-02
5.548486219491703952e-01
3.155960985247368011e-01
8.974551029768971233e-01
7.855074407153369576e-01
9.422111218353435014e-02
5.266434876143311072e-04
9.835991375466256459e-01
7.210619903414363652e-01
6.767391718716837534e-01
7.012738184405187258e-01
8.298442202387346089e-01
1.336063692862181629e-01
1.024477497839626494e-04
5.004374551899875012e-01
7.233567522482526879e-01
6.489732359068354217e-01
8.205405912061710660e-01
3.779984685065771455e-01
3.748871099287472974e-01
9.941482949465145769e-01
5.918257613927149219e-01
3.549019397675445830e-02
8.851248332596761692e-01
3.622731401765921788e-02
6.108006806313841519e-01
3.064722398606889442e-04
8.094550079143026933e-01
3.450611928086213531e-01
4.096345513076604661e-02
5.726591198875750077e-01
7.239691444548667087e-01
9.602445657553738689e-01
1.382587609243393079e-01
1.855415080505018466e-04
1.255338672632755337e-02
7.389830610634853247e-01
9.583389974397116262e-01
6.221647876193596716e-01
4.631254389364276580e-01
3.591772765621854546e-01
2.248413805420419465e-01
9.951810159564548064e-01
3.391570165518245084e-01
2.920698326436567127e-01
9.747567319660824792e-01
9.993342794166363285e-01
1.173808407158637435e-01
5.654286637887064870e-01
9.031300779185217342e-01
7.225375753915230792e-02
8.283679122624658664e-01
8.234109658763992812e-01
7.481100286620536721e-01
5.549602375452764580e-01
5.004432744028213254e-01
7.202754919583818083e-01
2.600949995406595106e-01
3.181804024515011431e-02
1.465740792038279228e-01
6.827277773213016321e-01
5.803682196661785753e-02
5.128294156709096718e-01
1.961455398111181525e-01
3.000965338929930670e-01
8.025504030770171937e-01
1.640799454159092008e-01
8.477539969403866671e-01
8.681419208785218222e-01
8.583124094577951890e-01
1.175579385573581881e-01
3.025327089918049550e-01
4.892757883447906853e-02
1.640947044760802109e-01
6.370948121467083780e-01
8.958243603258544407e-01
3.033565429094695620e-01
4.878548634598477429e-01
4.032911165671617670e-01
2.011388474896502743e-02
9.857592310869314201e-01
8.482620895004169270e-01
8.012701828112437363e-01
6.303138515372816997e-01
2.756104713653740879e-01
3.058840845216572735e-01
1.997929172280141774e-01
4.272138991098833882e-01
2.488339102058619856e-01
3.841111538530312952e-01
