-2.000000000000000000e+00 -2.000000000000000000e+00
-6.260590906429261415e-02 1.217600668777849560e+00
5.970427408282984461e-01 2.448252564098740702e+00
-1.028540349914880636e+00 2.994242651550334866e+00
-1.481771105183547821e+00 2.427496710192894369e+00
-5.965540703407156142e-01 1.269818698102134658e+00
-1.772994247972510040e+00 1.197578118919450374e-01
-2.789304805189437353e+00 1.127105576396824516e+00
-2.999635340583041820e+00 1.772863770251601023e+00
-3.000508290530722988e+00 -6.390081476058856458e-01
-2.567810928135085380e+00 3.457573396453778036e-01
-3.004513981970356795e+00 1.357557064281132708e-01
-2.422012197846415749e+00 1.846703529546253497e+00
-3.562660923265007495e-01 2.234134206614144968e+00
9.754249038310696188e-03 2.999933579128791106e+00
1.792559377063656312e+00 3.001248711365414934e+00
-1.113116641114215044e+00 1.831160030715803133e+00
3.348621375690863933e-01 1.953151115307741881e-01
-8.639287673969811010e-01 -9.817851361644091002e-01
-8.792946319583966330e-02 -5.893535853496364441e-01
4.150679531238400388e-01 -2.034229488502310890e+00
1.316666105974358070e+00 -3.000393244288112715e+00
-1.884343012567489817e+00 1.893259909550909947e+00
-1.195575742911847872e+00 1.135430190518284421e+00
4.959877155335620791e-01 1.552761028196531612e+00
1.624503610744977511e+00 2.219002879478743750e+00
3.000619061015325162e+00 7.108025426533562952e-01
-2.138523007349971916e+00 2.212346717564928955e+00
-1.564696088912720037e-02 1.847465619938206460e+00
1.117144550282731297e+00 2.008341942818969272e+00
3.001916600183938577e+00 1.466289902549765767e+00
-3.028534243729415820e+00 2.251145139497339187e+00
-3.019108089615494706e+00 6.891864598643343554e-01
-3.038101732349546946e+00 1.313395040354141896e+00
-3.054427663325084641e+00 1.831245278705065704e+00
-1.425802520895094405e+00 1.670649738570178622e+00
-1.039953077120651770e+00 2.166148529446638715e+00
-7.740216547941591863e-01 1.730624470426481487e+00
-1.921521197613334619e+00 9.043208026993494464e-01
-2.455318755367891459e+00 7.463358595738641688e-01
-1.705621602039161910e+00 9.828480431308094234e-01
-1.344463533699075342e+00 1.377638801394419854e+00
-3.030982919535151865e+00 -1.860782729587174278e-01
-2.704157966229949750e+00 1.768268295864374950e+00
-2.011269805253596665e+00 1.797974261925937567e+00
-2.236857694373603156e+00 9.379567419738009670e-01
-7.966282306203474883e-01 6.872334751293323052e-01
2.910026172092114449e-01 8.478818675301301733e-01
-1.214368295592340580e-01 7.499950238314443407e-01
-1.472372704153248835e+00 -1.198467655752680106e+00
-1.112730933594775928e+00 -5.049810146259354759e-01
-1.712787567458658566e+00 -1.821364139331333787e+00
-1.384543559683949487e+00 -1.510971498654554601e+00
-2.730613610375376421e-01 -2.106295625757627299e+00
1.012838267570984163e+00 -2.401475163451717076e+00
5.014382586690124821e-01 -1.438652075169379208e+00
1.507386611529319520e+00 -3.087480287592193062e-01
1.890431180310854442e+00 -7.904308215494906809e-02
1.486639044154779210e+00 1.728827895522851987e-01
2.038773082591641916e+00 1.684504650750186405e+00
1.995407223584272804e+00 2.000344835362761753e+00
3.049650244489533701e+00 1.076368611620101001e+00
-2.720132668170671231e+00 1.889653278966525907e+00
-3.054767757152278218e+00 4.424846549521873063e-01
-2.239866003494239699e+00 2.010618911872548153e+00
-1.368815958061731841e+00 2.573247745076932436e+00
-1.548649766593648724e+00 1.926552429745253869e+00
-2.308330210853925646e+00 8.227488300943505140e-01
-1.570742001288725431e+00 7.356699327537364885e-01
-6.951375999420567053e-01 7.674244749652504582e-01
-9.721441272374817810e-01 4.736046798573583239e-01
-5.459585241405022771e-01 8.496109392913968605e-01
-9.869056516128023038e-01 4.738115931880662046e-01
-5.537900422653432297e-01 -5.829970185500763513e-01
-4.353641495290980767e-01 -1.634936089701206630e-01
-1.428254361903121161e+00 -7.471351583540613017e-01
-1.776435763788023259e+00 -1.284669817044404638e+00
-7.936598122886692197e-01 -2.163078053906000608e+00
2.786280878562087393e-01 -3.004256101047663385e+00
-2.049427294200287797e+00 2.468470180724027241e+00
-1.189669872108089832e+00 2.373483352169529770e+00
-1.627678854276123799e+00 2.671322450885068367e+00
-1.164342970138009248e+00 2.329531881596528464e+00
-5.523366647536510632e-01 3.016482957501213757e+00
-2.247207220423088181e+00 1.997285769043111170e+00
-1.582958425023384574e+00 2.016953457570836772e+00
-2.203033749464955005e+00 2.030432314711498876e+00
-1.607281752992403723e+00 2.018068949013288371e+00
-6.423391691859093866e-01 1.941054122803080206e+00
9.035344721783100663e-01 3.022637655806589940e+00
-1.636452470442160134e+00 2.645600502512549301e+00
-2.030614868338857182e+00 2.441633307060668390e+00
-2.087236434047796685e+00 1.141104699880588047e+00
-3.004584497836476853e+00 -1.317432547405636534e+00
4.965312754056843692e-01 3.071782847918844706e+00
-2.077824412379020824e+00 1.102585748111784447e+00
-1.618858012876224439e+00 1.057744083337765373e+00
-1.828493551116043170e+00 5.899017119755309846e-01
-2.002045235983524255e-02 -9.348429676681992984e-01
8.806239039457700590e-01 -2.643669816518855464e-01
1.038750869571177571e+00 -1.046353604735904774e+00
8.904130449288473192e-01 -1.186003365417715116e+00
1.138855178267796697e+00 -6.486359352727694150e-01
5.919088606544435915e-01 -3.349766791355335283e-01
3.913707390964968336e-01 -9.593962420038364414e-01
1.718483007085805259e+00 -6.586010731671445573e-01
1.252674854429657980e+00 -1.021372180187243739e+00
1.087761033330576499e+00 -4.364572739581327326e-02
4.628936057590651298e-01 -4.659644774552853530e-01
2.640485653560515900e+00 2.375838202307976876e-01
3.042619446652872206e+00 2.408523496751328319e-01
3.042619446652872206e+00 2.408523496751328319e-01
