-2.000000000000000000e+00 2.000000000000000000e+00
-1.174420284896982469e+00 1.194022377365993703e+00
-5.374595306274160267e-01 8.839107267225596587e-01
9.711313779928290590e-02 3.038043492257291867e-01
6.353823694341339534e-01 8.473866723655181232e-01
1.029221760954026177e+00 7.746490730253896562e-01
9.749822713945721642e-01 6.289090366735475834e-01
6.887065482318568410e-01 3.718418863784875295e-01
1.055165197371443320e+00 1.851397675833339751e-01
7.261639881635557625e-01 7.622143093762395738e-01
8.697328386131185640e-01 5.439777668567788993e-01
8.628126981940663631e-01 6.334019800892632945e-01
8.704858400539964292e-01 5.837270816205237800e-01
8.633869327588642451e-01 6.187595982036404596e-01
8.217555201436056445e-01 6.904618074581860832e-01
8.282910875451400257e-01 6.710278868577286282e-01
