-2.14272,-0.8648751,-4.1697283,2.1128812
2.686553,-2.7255847,1.3671372,0.0036148676
-0.84577733,-2.4549406,-2.509043,0.31644273
-1.902771,1.031117,-2.87578,2.114894
1.1955901,2.0586512,3.657423,-0.6568522
-1.8106079,-0.48685184,-5.379721,5.68938
-2.3712642,-2.1803756,-3.4114406,-0.026948065
-0.6272203,1.2478724,4.028554,-3.132377
-2.4053988,-0.44549733,-4.904298,1.9759858
1.5205785,-0.82884514,2.599986,-3.8737545
-1.922008,-0.8289349,-4.0968037,3.3480933
2.3650913,-1.3959663,1.633953,-0.41363147
-0.60164607,1.033725,2.2858963,-2.503985
2.117336,0.9272835,3.0865483,-0.74104905
1.9928585,-0.49683586,2.8855877,-4.2827344
2.838391,2.5622392,4.148091,0.058216035
2.911073,-1.1080117,2.2303278,-0.108780906
0.227513,-1.7558414,-6.8743734,2.1678247
1.7879382,0.40530095,3.7596173,-3.6032312
-1.4995402,0.8766271,-3.3757265,3.2862575
-2.657569,-0.11154392,-4.7387486,1.0729513
0.1628374,1.4284933,8.39182,-4.2958274
1.1194305,-0.55978143,3.094761,-3.1487308
-1.4197454,2.707897,0.02811684,-0.31561244
-0.82339275,-0.21902117,-0.8473342,1.702265
-2.605754,-0.16765654,-4.8376584,1.2891802
-1.0128348,-1.8685068,-2.5439415,0.7578809
2.8982592,-0.41989198,2.7874508,-0.39931756
-1.2832185,-2.43329,-2.4760485,0.061879925
2.1249123,-2.823098,0.701698,0.026473742
2.4994574,-2.678952,1.1772243,-0.11790705
1.1082933,-0.67648214,2.7752562,-2.5983796
